20100101
20101231
14.6959
14.7530
14.5819
14.5819
14.5819
14.5819
14.7530
14.8100
14.9811
15.1522
15.4944
15.8365
16.2928
16.9201
16.4639
16.2358
16.2358
16.0076
16.0076
16.1217
15.3233
15.4944
15.5514
14.8100
15.8365
15.7225
15.8365
15.8365
15.8936
15.8365
15.8936
15.9506
16.1217
16.3498
16.4068
16.2928
16.5779
16.7490
16.6350
16.6350
16.5779
16.5209
16.5209
16.5209
15.8936
16.1217
16.1787
15.8936
16.6350
16.6920
16.6350
16.6350
16.5779
16.2928
16.5779
16.5779
17.6615
18.0037
20.0568
20.3419
20.2849
19.8857
19.7146
19.3154
18.8021
18.1177
17.8896
17.7756
16.5779
16.6350
16.6350
16.6920
17.5474
17.3764
16.4639
16.4639
16.5779
16.6350
16.8061
16.6350
17.6615
18.0037
20.0568
20.3419
20.2849
19.8857
19.7146
19.3154
20.1708
19.3724
19.0873
18.8591
17.6045
17.5474
17.6045
17.4904
18.6880
17.9467
17.8326
18.0037
18.0607
18.0037
18.0037
18.0607
18.0607
18.0607
17.9467
17.9467
17.9467
17.7756
17.7756
17.7756
17.7185
17.3193
17.2053
17.1482
18.6310
18.5740
18.6310
18.4599
17.0342
17.0912
17.0342
16.6350
16.1217
15.4944
15.2662
15.0381
14.9811
14.8670
14.6959
14.7530
14.6959
14.6389
14.5819
14.2967
14.0686
14.0116
13.8975
13.8405
17.0342
17.0342
17.0912
17.0912
13.3843
13.3843
13.3272
13.2132
13.0421
12.6999
12.6999
12.7569
12.9850
13.2702
13.2132
13.5553
13.0991
13.0421
13.1561
13.1561
13.0991
13.2132
13.2702
13.2132
13.7264
13.5553
13.4983
13.4413
13.1561
13.0421
13.0421
12.9850
12.9850
13.0421
13.0421
13.0421
13.2132
13.7264
13.7835
13.7835
14.1827
13.9546
14.1256
14.3538
14.1256
13.6124
13.6694
13.5553
13.2702
13.2132
13.2132
13.0991
13.4413
13.3843
13.1561
12.8710
12.8710
12.8140
12.8710
12.9850
13.2132
13.3272
13.6124
13.7835
14.1256
14.8100
15.0952
15.1522
15.2092
14.7530
14.7530
14.8100
13.4413
13.3843
13.4983
13.4983
15.4373
15.3233
15.4373
15.5514
15.0381
15.2662
15.2092
15.3233
15.5514
15.6084
15.9506
15.9506
16.0076
15.9506
15.8365
15.6655
15.6655
15.6084
15.6084
15.6655
14.7530
14.7530
15.1522
15.2662
15.3233
15.0952
15.0381
14.8100
14.6959
14.4678
14.2967
14.1256
14.1256
14.2967
14.6959
15.1522
15.4373
15.4373
15.8365
15.5514
15.2092
15.0381
14.6959
14.5819
15.7795
15.6655
15.5514
15.4373
13.1561
13.0421
12.9280
12.5288
12.3007
12.3577
12.3007
12.4147
12.8710
14.2967
15.3803
16.0647
16.5779
16.6920
17.3193
16.4068
15.7225
14.0686
14.2397
14.1827
14.3538
14.1827
13.9546
13.5553
13.6124
13.0991
12.8710
12.7569
12.6429
12.6429
12.5858
12.7569
13.3272
14.1256
14.2397
16.8631
17.0912
16.6920
16.6920
16.2928
15.6084
15.2662
14.8670
14.5819
13.9546
13.8975
13.9546
14.0686
14.2967
14.5249
14.2397
14.2967
14.2967
14.1827
13.9546
14.1256
16.0076
16.6350
17.6045
17.9467
18.9732
19.0302
19.4865
19.1443
18.2888
15.8936
15.3233
15.3803
14.5249
14.3538
14.5819
14.8100
14.8670
15.3233
15.5514
15.7225
15.6084
15.4944
15.6084
15.6084
16.0076
16.5779
17.2053
18.3459
18.9732
18.5170
17.6615
17.7756
17.2623
17.0912
16.7490
16.8061
15.2662
14.9811
15.2092
14.8100
17.2623
16.6920
16.8061
16.8631
16.6920
16.5209
16.6920
16.6920
17.0342
17.0912
18.1177
18.4029
19.3154
18.8591
19.4865
19.3724
18.9732
17.2623
16.5209
16.2358
16.9201
16.8631
16.7490
16.6920
15.3803
15.0381
14.9811
14.8100
14.7530
14.5249
14.4108
14.8100
16.6350
18.2318
18.8021
19.0873
19.7146
20.4560
20.3419
20.1138
19.6576
17.4334
16.8061
16.8061
16.0076
15.8365
15.7795
15.4373
16.0647
16.0647
15.4944
15.3803
15.2662
15.1522
14.9811
15.3233
16.9201
18.0037
18.8591
19.9997
20.2849
20.6271
20.7411
20.6841
19.9427
18.1177
17.4904
17.0912
16.7490
16.5779
16.2358
16.1217
16.6920
16.5209
16.2358
16.0076
15.5514
15.7225
16.0647
16.3498
17.2053
18.2318
18.9732
19.3724
19.9427
20.5130
20.5700
20.6841
20.2849
19.6576
19.2013
19.0873
17.2623
16.9771
17.0912
16.8631
18.9732
19.0873
18.9732
19.0302
18.9732
18.8591
18.9732
19.1443
19.2013
19.3724
19.4865
19.8286
20.2849
20.6841
20.6271
20.6841
20.5700
20.1708
19.9997
19.7716
19.0302
18.9732
18.9162
19.0302
19.9427
19.8286
19.8857
19.8857
19.7716
19.8857
19.7146
19.8857
20.0568
19.9427
20.1138
20.1138
20.5130
20.8552
21.1403
20.7411
20.6271
20.5130
20.3419
20.2849
19.8857
19.8857
19.9997
19.9997
17.2053
16.9771
16.8631
16.8061
16.6920
16.5209
16.4639
16.2928
16.0647
15.9506
15.8365
15.8365
15.6655
15.5514
15.2662
15.0381
14.9241
14.7530
14.6959
14.5249
19.3154
18.5740
17.7756
17.4904
14.0116
13.9546
13.8405
13.6694
13.5553
13.6694
13.4413
13.4413
13.3843
13.3272
13.4413
13.6124
13.5553
13.8405
13.6694
13.5553
13.4983
13.4983
13.3843
13.4413
14.3538
14.3538
14.3538
14.1256
13.3272
13.2702
13.2132
13.2132
13.2702
13.3272
13.3843
13.4983
13.5553
13.6124
13.8975
13.8975
14.1827
14.4108
14.3538
14.5249
14.4678
14.3538
14.2967
14.3538
13.4413
13.3843
13.3272
13.3272
14.6959
14.7530
14.8670
14.9811
15.0952
15.1522
15.2092
15.3233
15.5514
15.8365
16.0647
16.9771
17.6615
17.5474
17.8326
18.5170
17.5474
17.4334
17.1482
16.8061
14.4108
14.4678
14.5249
14.5819
15.6655
15.6655
15.4944
15.3233
14.8100
14.9241
14.8670
14.9811
15.3233
16.3498
16.7490
17.7756
16.9201
16.9771
16.5779
16.7490
16.6350
16.2928
16.0647
15.9506
16.3498
15.9506
15.8936
15.7795
15.8936
15.9506
15.8365
15.8365
15.7795
15.7795
15.8365
15.8365
16.1787
16.6920
17.0342
17.4334
17.2623
17.5474
17.3764
17.0912
16.9771
16.8631
16.7490
16.8631
16.0076
16.1217
16.1217
16.1217
16.7490
16.6350
16.6350
16.6350
16.7490
16.9771
16.9201
17.0342
17.3193
17.6615
18.1748
18.9162
18.8591
20.2849
20.7982
21.4255
20.5700
19.1443
18.5740
18.4029
16.8631
16.8631
16.8061
16.8631
18.6880
18.6310
18.8021
18.9732
18.6880
18.8591
18.8021
18.8021
19.3724
20.1708
20.9122
22.1098
21.0833
21.1974
20.9692
20.3419
19.9427
19.7716
19.6576
19.6005
18.3459
18.2318
18.5740
18.5740
18.9732
18.9162
18.5170
18.4599
18.4029
18.2318
18.1748
18.2888
18.5170
19.3154
19.9427
20.0568
21.7677
21.3685
21.0263
21.0833
20.7982
19.9997
19.8857
19.7146
19.7716
19.6576
19.3724
19.0302
20.2279
19.8857
19.6005
19.4865
19.2583
19.2013
19.2013
19.3154
19.9427
20.6271
21.5395
23.0223
24.7903
24.2770
25.5887
25.4746
23.1934
22.5661
22.0528
21.8247
20.2849
20.3989
20.3419
20.2279
20.1138
19.8857
19.0873
18.6880
18.4599
18.2888
18.2318
18.4599
19.3154
19.3154
19.5435
20.5700
21.2544
22.2239
21.6536
21.8247
21.6536
20.6841
20.2849
20.2279
21.1974
20.7982
20.4560
20.1138
20.0568
20.1138
19.6005
19.5435
19.4294
19.3154
19.2583
19.4294
20.3419
21.9388
22.1098
21.8247
21.7106
21.9958
21.7106
21.4825
21.4255
21.4255
20.3989
20.2849
20.2279
20.2849
20.2849
20.2279
19.7716
19.7146
19.5435
19.4865
19.5435
19.3724
19.3154
19.2583
19.2583
18.4029
18.0607
17.8896
17.7756
17.7756
17.7185
17.5474
17.4334
17.2623
17.2053
17.1482
20.6271
20.2849
20.0568
19.8857
16.9771
16.8061
16.8631
16.8631
16.7490
16.7490
16.5779
16.5209
16.4068
16.4068
16.4639
16.5209
16.5779
16.5209
16.5779
16.4639
16.4068
16.4068
16.3498
16.2928
17.0912
17.0912
17.0342
16.9771
16.4068
16.3498
16.4068
16.4068
16.4639
16.4639
16.5209
16.5209
16.5209
16.6350
16.6350
16.8061
16.9771
17.1482
17.0912
17.0912
17.0342
17.0342
16.9771
17.0912
16.2928
16.4068
16.4068
16.4068
17.2053
17.3193
17.3764
17.6045
17.6045
17.5474
17.6615
17.7185
17.8896
18.0607
18.2318
18.2888
18.1748
18.4599
18.4599
18.5740
18.8021
18.8591
18.7451
18.7451
17.0912
17.1482
17.2053
17.2623
18.9162
18.8591
18.8021
18.7451
18.6310
18.6310
18.6310
18.6310
18.6310
18.6310
18.4599
18.6310
18.6310
18.7451
18.6880
18.6880
18.6880
18.6880
18.6880
18.6880
18.8021
18.8591
18.9162
18.9162
18.7451
18.6880
18.6880
18.6310
18.6310
18.6310
18.6310
18.6310
18.6310
18.8591
18.9162
19.0302
19.1443
19.3154
19.2013
19.0873
19.3154
19.2013
19.2013
19.3154
18.6880
18.6880
18.6880
18.6880
19.8286
19.8857
19.9997
19.9997
20.3419
20.6271
20.7411
21.0263
20.9692
22.7372
24.1059
24.3910
23.7067
22.7942
22.9083
22.6231
22.4520
22.3950
22.1669
21.9958
19.5435
19.4865
19.7716
19.8286
21.7106
21.8247
21.7106
21.4825
21.3685
21.3685
21.2544
21.7677
22.1669
22.5091
22.7372
23.4215
24.2200
23.9348
23.8207
23.1934
23.1364
22.7942
22.2239
21.8247
21.8817
21.9388
21.8247
21.7106
21.4255
21.3114
21.1403
20.8552
20.8552
20.8552
20.5700
20.6271
21.7106
23.6497
25.5316
25.0184
27.1285
26.2730
25.7027
25.8168
25.3606
23.8207
20.6841
19.4865
21.7106
21.6536
21.5395
21.4255
15.6084
15.2092
14.6959
14.2967
14.1827
13.9546
13.8405
13.7835
13.9546
14.1256
14.1827
14.1827
14.6389
14.4108
14.2397
13.8405
13.3272
13.0421
12.7569
15.6655
18.5740
17.6615
16.8631
16.0076
11.9015
11.9015
11.6163
11.6163
11.6163
11.6163
11.6163
11.6163
11.7874
11.9015
12.0155
12.2437
12.1296
12.2437
12.3007
12.2437
12.2437
12.4718
12.3577
12.4147
12.1866
11.9015
11.9585
11.9585
13.0421
13.0421
13.2702
13.2702
13.3272
13.4413
13.5553
13.7835
14.0116
14.1256
14.0686
14.4108
14.2397
14.3538
14.3538
14.1827
13.8975
13.8975
13.8405
13.6694
12.5288
12.6429
12.6999
12.8710
13.0991
12.9850
12.6999
12.6429
12.6429
12.4718
12.4718
12.4718
12.5288
12.9280
13.2132
13.0991
13.2702
13.1561
13.0991
12.9280
12.7569
12.3577
12.2437
12.0726
13.5553
13.4983
13.3843
13.2702
11.5593
11.5593
11.5593
11.5593
11.5593
11.5593
11.5023
11.6163
12.0155
12.4718
12.6429
12.6429
12.8140
12.9280
12.6999
12.6999
12.5858
12.1296
11.9585
12.0726
12.1296
11.9015
11.7874
11.6163
11.7874
11.7874
11.7304
11.7304
11.6163
11.5593
11.5593
11.5023
11.6734
12.1866
12.4718
12.6429
12.2437
12.8710
12.7569
12.8140
12.8710
12.8710
12.8140
12.7569
11.8444
11.9585
11.8444
11.7874
12.8140
12.7569
12.6999
12.5858
12.6429
12.5288
12.5288
12.5288
12.6999
12.7569
13.4413
13.8975
14.0116
13.6124
13.3272
13.2132
13.0421
12.0726
12.0155
11.7874
12.6999
12.6999
12.6999
12.8710
11.6163
11.7304
11.6734
11.5593
11.5593
11.7304
11.6734
11.7874
12.3007
13.1561
14.5249
15.4944
15.8365
15.8365
16.3498
16.9201
16.5779
14.5819
13.4983
13.0421
11.7304
11.7874
11.6734
11.5593
12.4718
12.3007
12.1866
12.0155
12.2437
11.8444
11.6163
12.1866
14.0686
15.0952
16.0647
16.8631
17.5474
17.9467
17.4334
17.1482
16.4639
15.4373
14.5249
14.2397
13.3843
13.2132
12.9850
12.6999
14.8670
14.9241
14.9811
14.9811
15.0381
15.0381
15.0381
15.1522
15.7225
16.1787
16.5209
16.5779
16.5209
16.4639
16.4639
15.9506
15.4373
15.3233
15.3233
15.3233
14.4678
14.5819
14.7530
14.8100
15.6084
15.8365
15.8936
15.8365
15.8365
15.8936
15.8936
16.0647
16.2928
16.7490
16.9771
17.3193
17.4334
19.3724
19.3724
19.7716
19.2583
18.6880
17.7756
17.7756
15.3803
15.4373
15.7225
15.5514
17.9467
18.0037
18.0037
18.1748
18.1177
17.8326
17.6045
17.8896
18.1177
18.5740
19.3154
19.9427
20.5130
21.6536
21.9958
21.6536
20.9122
20.3419
19.8286
19.8286
18.0037
17.8326
17.7756
18.0607
20.0568
20.1138
20.1138
19.8857
20.1138
20.2279
20.2279
20.5130
20.8552
21.7106
21.5966
22.2239
23.7637
23.3075
23.4786
22.9653
22.5091
22.2239
21.9958
21.7677
19.9997
20.3419
20.3419
20.2849
21.7677
21.6536
21.5966
21.5966
21.3114
21.2544
21.3685
21.5966
22.5091
23.8207
23.4786
24.5051
24.7903
25.1895
25.1895
25.3035
24.6762
23.7067
23.3645
23.0223
21.7677
21.8817
21.7677
21.7106
21.7106
21.4825
21.5966
21.3114
21.3114
20.6841
20.3989
20.6271
21.3114
23.4786
23.6497
24.6192
25.9309
25.7598
25.3035
25.0754
24.6192
23.7067
22.7942
22.6231
22.6231
22.2809
22.0528
21.8817
21.9958
21.8817
21.7677
21.3685
21.1974
21.1974
21.0833
21.3685
22.3950
23.3075
25.4176
25.9309
26.6722
25.5887
25.5316
25.0184
24.6762
23.7637
23.3075
22.6801
22.9083
22.6231
22.2809
22.1098
22.2809
22.1669
22.1669
22.1098
21.8817
21.8817
21.6536
21.9958
22.3950
22.7942
23.3645
24.3340
25.3606
27.0715
26.2160
25.1895
25.0184
23.8778
23.0794
22.8512
22.9653
22.6801
22.2239
22.2809
22.0528
22.0528
21.9388
21.8247
21.8247
21.8817
21.9958
22.2239
23.0794
24.4481
24.1629
23.3645
24.2200
25.6457
24.1059
24.1629
23.9918
20.9122
20.4560
21.1974
22.6801
22.5661
22.4520
22.3950
22.1669
21.9958
21.9958
21.9958
21.9388
22.0528
21.9958
21.8247
21.9958
22.3950
23.8778
23.1934
23.1364
23.0794
23.0794
23.7637
23.6497
23.4215
23.0223
22.8512
21.9958
22.0528
21.9388
22.1098
22.3950
22.2809
22.3950
22.5091
22.5091
22.3950
22.2809
22.5661
23.0223
22.9653
23.5926
24.2770
25.8738
24.7903
24.5621
24.5051
24.7332
23.9348
23.5356
23.3075
22.8512
22.7942
22.2809
22.2809
22.6801
22.5091
22.5091
22.2239
22.4520
22.3950
22.2809
22.4520
22.6801
22.9653
23.0223
23.6497
24.3340
23.7067
24.2200
24.0489
23.7637
23.4215
23.2504
22.9083
23.0794
22.7942
22.7942
22.7942
22.9083
22.9083
22.9083
22.7942
22.9083
22.7942
22.7942
22.8512
22.9653
23.3645
23.7067
25.0184
25.3606
25.4176
25.6457
24.3910
24.0489
23.4786
23.1364
22.9653
22.7942
22.8512
22.7372
22.7942
22.0528
21.9388
21.8817
21.7677
21.7677
21.8247
21.6536
22.2809
22.9653
23.7067
23.0794
23.0794
23.0223
23.3645
23.0794
22.5661
20.5130
19.4294
19.0302
18.3459
22.7942
22.5091
22.3380
22.0528
16.7490
16.5209
16.2928
15.7795
15.8365
15.6084
15.2662
15.2092
15.3803
15.5514
15.7225
15.6084
15.9506
15.2662
15.2662
15.2662
15.2662
14.9811
14.9241
14.8100
17.8326
17.5474
17.3764
17.0342
14.2967
14.2967
14.0686
14.1256
14.1827
14.1256
14.1256
14.2397
14.1827
14.2397
14.2967
14.2397
14.2967
14.4678
14.6389
14.4678
14.1256
14.0116
13.8405
13.7264
14.6389
14.4108
14.4108
14.2967
12.9280
12.8140
12.5288
12.3007
12.3007
12.1296
12.1296
12.3007
12.5858
13.1561
14.0686
14.7530
15.7225
16.4639
15.9506
15.3233
15.2092
14.6959
14.1256
13.8975
13.6124
13.3843
13.2702
13.1561
12.4718
12.0726
11.7874
11.5023
11.6734
11.6734
11.6163
12.3007
13.1561
14.7530
15.8936
16.6350
17.4334
17.4334
17.7185
17.6045
17.2623
15.8936
14.2967
13.8975
13.4413
12.9850
12.8140
12.6999
13.4983
13.2132
13.2702
13.2132
13.0991
13.6124
13.7835
14.4108
16.0647
17.6045
18.6880
19.1443
19.8286
21.0263
20.5130
20.5130
20.3989
18.1177
16.5779
16.2928
14.0686
14.1256
14.2397
13.7835
16.4639
16.5779
16.6350
16.7490
16.6920
16.6350
16.8061
17.0342
17.1482
17.4334
17.4334
17.3764
17.1482
16.4068
16.2928
16.2358
16.1787
16.2928
16.2358
16.2928
16.3498
16.1787
16.4639
16.5209
16.5779
16.6350
16.6350
16.6350
16.6920
16.7490
16.8061
16.8061
17.0342
17.2623
17.2623
17.3193
17.3764
17.4334
17.4904
17.6045
17.6045
17.5474
17.6045
17.7756
16.4068
16.4639
16.4639
16.5209
18.3459
18.2888
18.6880
18.8021
18.9162
18.9162
18.9732
19.0873
19.2583
19.4865
19.6576
19.9427
20.7411
21.2544
22.4520
22.7372
22.6801
22.6801
22.5661
22.5661
17.8326
18.0037
18.0607
18.2318
21.7106
20.9692
20.9122
20.9122
20.7982
20.7411
20.7411
20.9692
21.7106
21.4825
22.2809
23.3075
22.9083
22.4520
22.6231
23.0223
22.7372
21.1974
20.1708
19.8286
22.4520
22.2239
21.8247
21.8817
18.3459
18.0607
17.7185
17.5474
17.0912
16.7490
16.3498
16.5209
16.8061
17.0912
17.4904
18.7451
18.9162
19.2583
18.1748
18.4599
18.4029
17.7185
17.4904
17.1482
19.4865
19.1443
18.8591
18.5740
17.2623
17.1482
17.2053
17.1482
17.0912
17.0912
17.2053
17.3764
17.4334
17.5474
17.6615
18.0607
18.3459
18.1177
18.1748
18.2888
18.5740
18.5170
18.0607
18.0037
17.2623
17.4334
17.2053
17.1482
17.4904
17.4334
17.6615
17.7185
17.6045
17.7185
17.7756
18.1177
19.3724
21.6536
22.0528
22.9653
22.5661
22.2239
22.1669
22.2809
22.2809
21.4255
20.1708
20.1138
17.9467
18.0037
18.1177
17.8896
19.2013
19.1443
19.0302
18.7451
18.4599
18.2318
18.1748
18.8591
20.5130
21.7677
22.7942
23.9918
23.4786
24.0489
23.7067
23.5356
22.9083
22.3380
21.7677
21.3685
20.2849
20.2279
19.6005
19.2583
19.2583
19.2583
19.1443
18.7451
18.5740
18.3459
18.4599
19.0302
19.8857
20.2279
19.8286
22.1098
21.9388
22.8512
23.3645
23.4786
22.3950
21.8817
21.3114
21.1403
21.2544
21.0263
20.5130
20.1138
20.6271
20.4560
19.8286
19.6005
19.4865
19.1443
19.0873
19.8857
21.0833
22.5661
23.9348
24.2770
23.9348
24.2200
24.2770
24.3340
23.9918
22.3950
21.8817
21.4825
20.9122
20.9692
20.7411
20.7982
20.8552
20.6841
20.5700
20.2849
19.9427
19.7716
19.9427
20.4560
21.4255
23.3075
24.1059
24.7903
25.4176
24.7903
24.9613
24.3340
23.3645
22.9653
22.5661
22.3950
21.0263
21.5395
21.7677
21.3685
20.1708
19.8857
20.0568
20.2279
20.1708
20.2279
20.4560
21.1974
22.2809
23.8778
24.5621
25.3606
24.8473
25.4746
23.4786
23.0794
22.8512
22.5091
22.3380
21.8817
22.1098
21.3685
21.0263
20.3989
21.3114
21.2544
21.1403
20.9122
21.0833
21.0263
21.0833
21.3685
21.4255
22.3380
23.3645
23.4786
23.4786
23.3645
21.9958
21.0833
20.5130
19.9427
18.7451
18.0037
21.6536
21.1403
21.2544
21.3114
15.7225
15.6655
15.4373
15.3233
15.2662
15.1522
15.0952
15.2662
15.8365
16.7490
17.7185
17.8326
18.8591
18.4029
18.5740
19.2583
18.4599
18.0607
17.7756
17.5474
17.4904
17.0342
16.1217
15.8365
16.6350
16.5209
16.1787
16.2358
15.7795
15.8936
15.8936
16.5779
17.3193
17.8326
18.3459
20.1708
20.8552
21.1403
21.0833
21.1403
20.2279
18.4599
17.0912
16.6350
17.1482
16.9201
16.6920
16.5779
16.4068
16.2928
15.8365
15.5514
16.3498
16.0076
16.1787
16.6350
17.4904
17.7185
19.0873
19.2583
18.9732
19.2013
19.2013
19.6005
19.4294
18.8021
18.3459
17.3193
16.4068
16.1787
16.8061
16.2358
16.0076
16.4068
16.1217
16.1217
16.1217
15.6655
16.0076
17.2053
19.0873
20.5700
21.4825
22.5091
22.9083
23.0223
23.1934
22.9653
22.3950
20.5130
19.0873
18.6880
16.7490
16.5779
16.5779
16.4639
17.9467
18.0607
17.5474
16.9771
16.9201
16.9201
16.6920
18.0607
19.5435
21.4825
22.3950
22.5091
23.0794
23.6497
23.0223
22.8512
21.7677
20.7982
20.1138
19.3724
18.5740
18.4599
18.1177
18.0037
18.8021
18.6880
18.5740
17.3764
17.4334
17.6615
17.7756
18.1177
18.5740
18.8591
19.0873
19.1443
19.4294
19.4294
19.1443
19.5435
18.9732
18.4599
18.5740
18.5740
19.5435
19.4865
19.2583
18.9162
19.1443
18.8591
19.2013
18.5740
18.6310
18.6880
19.0873
19.5435
19.8857
22.1669
21.8247
22.9653
22.7372
24.6192
24.7332
23.0223
23.0794
22.3950
22.0528
22.3950
18.6880
18.9162
18.9732
19.0302
21.2544
21.1974
20.7411
20.7411
20.6841
20.5130
20.4560
20.5700
21.1974
22.3380
23.4215
24.3910
25.4176
23.9348
23.8207
24.3340
23.8778
23.1934
22.5091
22.4520
21.7677
21.3685
21.3685
21.5395
18.9732
18.5740
18.1748
17.2623
17.0342
17.0342
17.0912
17.2623
17.3764
17.4334
17.8896
17.7756
17.8896
17.7756
17.7185
17.7185
17.8326
17.7756
17.7185
17.8326
22.3950
22.2809
21.6536
19.7716
17.5474
17.4334
17.3764
17.2623
17.0342
17.0342
17.0912
17.2623
17.3764
17.4334
17.2623
17.3193
17.3764
17.2623
17.4334
17.3193
17.1482
17.2053
17.2053
17.2053
17.5474
17.5474
17.6045
17.5474
17.3764
17.3764
17.4334
17.4904
17.5474
17.6615
17.7185
17.8326
17.9467
18.1177
18.3459
18.5170
18.4599
18.5170
18.6880
18.5740
18.5740
18.5740
18.6310
18.6310
17.2623
17.2623
17.3193
17.3764
18.7451
18.8021
18.8021
18.9162
19.0302
18.9732
19.2013
19.2013
19.4294
19.6576
19.6005
19.7146
19.8857
20.2279
19.9427
20.0568
19.9997
19.9997
19.9427
20.0568
18.6880
18.7451
18.7451
18.7451
20.5700
20.5700
20.6271
20.6271
20.6271
20.5700
20.5700
20.6841
20.7411
20.7982
20.9692
21.1974
21.5395
22.0528
22.5661
22.3950
21.9388
21.8247
21.7677
21.5966
20.2279
20.2849
20.5130
20.5130
20.2849
20.0568
19.8857
19.8286
19.8857
19.7716
19.6576
19.8286
20.2279
20.3419
20.7411
20.2279
19.3724
19.2583
19.0302
18.7451
18.6310
18.3459
18.2888
18.2888
21.6536
21.3685
20.7411
20.3989
17.7185
17.7185
17.4904
17.4904
17.5474
17.6615
17.4904
17.6615
17.4904
17.5474
17.7756
18.6880
18.0607
18.9732
18.0607
18.2888
18.5170
18.2888
18.1177
17.9467
18.2318
18.0607
17.9467
17.8896
17.8326
17.6615
17.5474
17.5474
17.4334
17.3764
17.3193
17.2053
17.4334
17.5474
17.8326
18.2888
18.7451
19.0873
19.0302
19.2583
18.8591
18.5170
18.3459
18.4599
17.9467
17.8326
17.6615
17.7185
18.3459
18.2888
18.3459
18.3459
18.4029
18.4599
18.5170
18.6880
18.8021
19.0302
19.0873
19.2013
19.2013
19.5435
19.5435
19.5435
19.5435
19.6576
19.7716
19.8857
18.4599
18.4599
18.5170
18.4599
20.1708
20.2279
20.2279
20.2279
20.3419
20.4560
20.5130
20.5700
20.6841
20.7982
21.1403
21.2544
21.4255
21.7106
22.6231
23.1364
23.3645
23.3075
22.7942
22.6231
19.9427
20.0568
20.0568
20.1708
21.7106
21.5966
21.4255
21.3114
21.2544
21.2544
21.3685
21.7106
21.9958
22.2809
22.5091
23.1934
23.7067
23.9918
24.1059
23.8778
23.9348
23.9348
23.4786
23.2504
22.5091
22.2809
22.3380
21.7677
22.1098
21.7677
22.0528
21.9388
21.9388
21.8247
21.8817
22.0528
22.2239
21.3114
21.4825
20.9122
20.5700
20.5700
20.0568
19.4865
18.8591
18.7451
18.6880
18.5740
23.0223
22.1669
21.9958
21.8247
17.7185
17.6615
17.6045
17.6615
17.6615
17.6045
17.6615
17.7185
17.7756
18.0607
18.2318
18.2888
18.4599
18.6310
18.6880
18.7451
18.6880
18.6310
18.6880
18.6880
18.5170
18.5170
18.2318
17.8326
16.7490
16.4639
16.2358
16.0647
15.7225
15.5514
15.4373
15.2662
15.0952
14.9811
15.2662
14.8670
14.6959
14.6959
14.6959
14.4678
14.2967
14.2397
14.3538
14.2967
18.3459
17.9467
17.4904
17.0912
14.5249
14.6389
14.6389
14.5819
14.6959
14.8670
14.9241
15.1522
15.4944
16.4639
16.1787
16.1217
16.4639
16.7490
17.1482
17.0912
16.6920
16.5209
16.3498
15.3518
14.3538
14.3538
14.4108
14.4678
15.8365
15.8936
15.8936
15.9506
16.1217
16.1217
16.1217
16.1787
16.4639
16.7490
17.0912
17.9467
18.2888
18.7451
18.4599
18.4029
18.0037
17.7185
17.4904
17.4904
17.0912
16.6920
16.4639
15.7225
17.6615
17.7756
17.8326
17.7756
17.8896
17.8896
18.0037
18.1748
18.4029
18.6310
18.8591
19.0873
19.3154
19.3724
19.4865
19.4865
19.4294
19.1443
19.0873
19.1443
17.5474
17.5474
17.5474
17.6045
19.2583
19.2013
19.3724
19.1443
19.3154
19.3724
19.3724
19.4865
19.6005
19.8286
20.2279
20.8552
22.1098
22.3380
21.3114
21.1974
21.0263
20.9692
20.9692
20.7982
19.2013
19.2583
19.2583
19.2583
20.7982
20.9122
20.8552
20.8552
20.9122
20.9122
20.9122
21.0263
21.3114
21.7106
21.9958
25.4176
24.3340
24.3910
25.1895
24.5621
24.5051
24.0489
23.1364
22.8512
20.9692
20.9122
20.7411
20.7982
22.8512
23.0794
22.9653
22.6801
22.5091
22.9653
22.5091
23.3075
23.5356
24.1059
23.8778
24.9043
24.7903
24.9613
23.9348
21.1974
21.9388
22.2239
22.4520
22.5091
22.8512
23.0223
23.1934
22.8512
22.2809
22.2239
22.0528
22.1669
22.1669
21.9388
21.4255
20.8552
20.9122
19.7146
19.0873
18.7451
18.9162
18.9732
18.9162
19.0873
19.2013
19.2013
19.0873
18.9732
22.5661
22.5091
22.3950
22.3380
18.0607
17.8326
17.8326
17.7185
17.7185
17.6045
17.8896
19.0873
19.3724
19.8286
21.5395
22.6231
23.0794
23.4215
22.7942
21.4825
21.0833
20.7411
20.2849
19.7716
18.8591
18.6310
18.2318
18.1748
19.3154
18.5740
17.8896
17.6615
17.5474
17.4334
18.1177
19.9427
21.1974
22.4520
21.7106
23.1364
23.1934
24.3340
23.6497
22.6801
22.2809
21.7106
20.9122
20.3989
19.3724
19.2583
19.3724
19.3154
19.8286
19.6005
19.4865
19.2583
19.4865
19.2583
19.4865
19.6005
19.6005
19.6576
19.7716
19.8857
19.9427
19.9997
20.1138
20.0568
19.8857
19.6576
19.3724
19.3154
20.3419
20.6271
20.2849
20.0568
19.2013
19.0873
19.2013
19.0302
18.9732
18.8591
18.8021
18.8591
18.7451
18.3459
18.4599
18.4599
18.4599
18.5170
18.4599
18.4029
18.4599
18.5740
18.4029
18.3459
19.0873
19.2013
19.3724
19.2013
18.2318
18.0607
18.2888
18.0607
17.3764
17.7756
18.2318
18.7451
19.9427
20.5130
21.0833
21.0263
22.8512
23.0794
23.0794
23.5356
22.7942
21.8817
20.5700
20.2279
18.3459
17.9467
18.1748
18.4029
20.0568
19.7716
19.7716
19.7146
19.7146
19.7146
19.6005
19.5435
20.1138
20.6271
20.7982
21.1974
21.9388
22.0528
22.1669
22.3950
23.1934
22.2239
21.1974
20.9122
20.5130
19.6005
19.7146
19.8286
19.9997
20.0568
20.2849
19.9427
20.1708
19.8286
19.9427
20.2849
20.6271
20.5700
20.5130
20.3419
20.2849
20.1708
20.1138
20.1138
19.9997
19.8857
19.9427
19.8286
20.3989
19.9997
19.8286
20.0568
19.3154
19.3154
19.3724
19.3724
19.3154
19.1443
19.0302
19.5435
20.3989
20.5700
22.3380
22.5661
22.8512
22.7942
23.0223
23.8207
23.3075
22.0528
21.4255
21.0833
19.6576
19.4865
19.3724
19.3724
19.9427
19.6005
19.5435
19.6576
19.8286
19.8286
20.1138
20.7982
21.8817
23.2504
24.7332
24.8473
25.0184
25.5887
25.3035
25.1324
24.5621
23.1934
22.3950
21.8247
20.9122
20.6271
20.6841
20.2279
21.4825
21.5395
21.3114
20.7982
20.8552
20.6271
20.6841
21.9388
23.8778
24.4481
25.6457
25.0754
25.9309
26.2730
26.3871
25.4176
25.7598
24.3910
22.9083
22.3950
21.5966
21.5395
21.6536
21.4825
21.4255
21.4255
21.0263
20.8552
20.9122
20.3419
21.0833
22.5661
23.5926
25.3606
25.9879
25.7027
26.6722
26.8433
26.6722
26.0449
25.4746
24.3340
23.8207
23.2504
22.2239
22.1098
21.9958
21.7677
21.1974
20.6841
20.2849
20.3989
20.1138
20.5700
20.7982
21.9958
23.5926
24.3340
23.5926
24.3910
25.5887
23.5356
23.9348
23.2504
23.1934
22.9653
22.9083
22.8512
22.7372
22.5091
22.2239
21.5966
22.2239
22.0528
22.1669
22.0528
22.0528
22.2239
22.2239
22.0528
21.8817
22.1098
22.6231
23.3075
23.4215
24.1629
23.4786
23.4786
23.3075
22.8512
22.7372
22.8512
22.3380
22.6231
22.3380
22.2239
22.9653
23.0223
22.7942
23.4215
23.4215
23.4215
23.6497
24.3340
24.7903
24.9613
24.1629
24.3340
25.1324
25.0184
24.7903
24.7332
24.5621
24.6192
24.5051
24.3340
23.0794
23.1364
23.2504
23.2504
23.8778
23.7637
22.9083
21.9958
21.9958
21.7677
21.8247
22.0528
23.6497
22.3950
22.4520
22.3950
22.6231
22.4520
22.6231
22.5661
22.4520
22.3950
22.2239
22.2809
24.0489
23.9918
23.9348
23.8207
22.2239
21.9958
21.9388
21.9388
21.9958
21.7677
21.8247
22.0528
23.6497
22.9653
23.9348
25.1324
25.2465
25.7027
26.9574
26.3871
25.7598
25.1324
24.7903
24.4481
22.1669
22.2239
22.0528
21.9958
23.7637
23.7637
23.7067
23.5356
23.5356
23.6497
23.7637
23.8207
24.0489
23.9918
23.9348
24.9043
24.8473
24.5051
24.6192
24.1629
23.3645
23.0223
22.5661
21.5966
24.2770
24.1629
24.0489
23.8778
20.3989
20.5130
20.4560
20.3989
20.2849
20.2849
19.9997
19.7716
19.4294
19.4294
19.6576
19.6576
19.9427
20.2279
20.3989
20.5130
20.2279
19.9997
19.9997
20.0568
21.1403
21.1403
20.6841
20.5130
19.7716
19.7716
19.7146
19.8857
19.8857
19.8857
20.1138
21.0263
22.0528
22.8512
22.6801
23.1934
23.1364
23.0223
22.9653
22.5661
22.5661
22.2239
21.9958
21.8817
19.9997
19.8857
19.8857
19.9427
21.5966
21.3114
21.1403
20.9692
20.9122
21.0263
21.0263
21.3114
21.3685
21.4825
22.1669
22.5091
23.3645
25.3035
23.9348
23.9348
23.1364
22.7942
22.5091
22.4520
21.5966
21.7106
21.5966
21.3685
22.5661
22.2239
21.9958
21.7106
21.7106
21.7677
21.8247
22.1669
22.6231
23.3645
23.1934
23.6497
24.6762
24.7903
25.3606
24.6762
24.7903
24.2770
24.0489
23.9918
22.4520
22.5661
22.5661
22.5661
23.1364
23.0794
23.1364
22.9653
22.9653
22.7942
22.8512
23.1364
23.9348
24.7332
24.3910
24.3910
24.5051
25.1895
23.4786
23.3645
23.1364
23.0794
23.0794
22.8512
23.8778
23.7067
23.5356
23.3075
21.7106
21.5966
21.5966
21.5395
21.4825
21.4255
21.4255
21.4255
21.4825
21.5395
21.5395
21.5395
21.4255
21.5966
22.1098
22.1669
22.1669
21.8817
21.7677
21.7106
22.2239
22.1098
21.9958
21.7106
21.9958
22.0528
21.9958
22.1098
21.8817
22.0528
22.3380
22.9653
23.8207
24.4481
25.3035
26.8433
26.3871
25.2465
27.8699
26.3871
24.7332
24.6192
23.9348
24.5621
21.7677
21.8247
22.1098
21.9388
23.5356
23.3645
23.4215
22.7942
22.5661
22.3380
22.5661
23.6497
23.7067
25.5887
27.1855
27.1285
28.2691
27.9839
26.5582
25.8168
25.8168
25.3606
24.7332
24.3910
24.2200
23.9918
23.6497
23.5926
23.3645
23.5356
23.4215
23.1364
23.0223
23.1364
23.2504
23.9918
25.2465
25.5887
25.0754
27.4707
28.3831
26.3871
24.6192
25.8168
26.1019
25.8168
25.0754
24.4481
24.2770
23.9918
23.7637
23.4786
23.3645
23.4786
23.4215
23.3075
23.4215
23.1934
23.4786
23.5356
23.7067
22.9653
22.9653
22.7942
22.7942
21.6536
20.9122
20.3989
20.5130
20.5130
20.5130
20.5700
24.0489
23.9918
23.8778
23.4215
20.8552
20.9122
20.9122
20.9122
20.9692
21.0263
21.2544
21.4255
22.2239
22.5091
22.6801
23.3075
23.4786
24.1629
23.2504
23.5356
23.6497
23.4786
23.1364
23.0794
20.6841
20.7411
20.7411
20.8552
22.9653
22.7942
22.9653
22.9653
23.0223
23.1934
23.3075
24.4481
24.6762
26.4441
27.1855
28.0410
27.9269
27.8699
27.4136
25.7598
25.4176
25.1895
24.9613
24.7903
22.7372
22.8512
22.9083
22.9653
24.2770
24.1629
24.1059
23.9918
24.1059
24.1059
24.2200
23.4786
24.1059
24.2770
24.5051
27.5847
27.1855
25.1895
25.5887
26.3301
25.2465
23.9918
23.6497
23.6497
24.6762
24.5051
24.3910
24.4481
23.9348
23.3645
22.7942
22.2239
22.2239
22.2239
22.2239
22.3950
21.8817
21.9958
22.0528
22.0528
23.0794
24.0489
25.8738
25.2465
25.4176
23.9918
21.5395
20.9692
20.9692
20.9692
20.9692
20.7982
20.3419
19.9427
19.9427
19.6005
19.9427
19.3724
20.5130
22.3950
24.1629
25.3035
25.8168
26.4441
26.2730
26.8433
27.0144
27.1285
26.7293
25.1895
22.3950
21.9958
21.0263
20.7411
20.7982
20.6841
21.7677
20.5700
20.3419
19.8857
19.6005
19.7146
20.8552
22.7372
24.1629
24.6192
26.6152
26.1590
26.6152
26.4441
26.7863
26.9004
27.1855
25.5316
23.8207
23.2504
21.7106
21.7106
21.5395
21.3114
21.7677
21.3114
21.2544
21.3685
21.4255
21.4825
21.9388
23.9918
24.4481
25.2465
25.7027
26.7863
26.6722
27.2425
27.3566
26.3301
25.9309
25.5887
24.3340
23.7637
23.0223
22.6231
22.1669
22.5091
23.0223
22.7942
22.6801
22.6231
22.7372
22.2809
22.9083
24.1629
25.4746
26.8433
27.5847
27.2425
27.5847
27.4136
26.7863
26.8433
26.9574
25.7598
24.9043
23.9918
23.6497
23.6497
23.4215
23.5356
23.5926
23.5926
23.6497
22.8512
22.6231
22.6231
22.6801
23.3075
24.6762
25.2465
26.4441
27.6418
26.6722
27.2996
27.5847
24.7332
23.1934
22.9653
23.0223
22.9653
23.8778
23.9348
23.9348
23.8207
22.9083
23.0223
23.1934
23.1364
23.0794
22.9653
23.4786
23.4786
24.0489
25.5316
25.3606
26.2730
26.7293
26.3301
26.3301
23.9348
23.5926
23.3075
22.8512
22.7372
23.1364
22.8512
22.9083
22.8512
22.5661
22.3950
22.3380
22.2809
22.0528
21.9958
21.9388
21.8247
22.1669
22.4520
22.3380
22.6231
23.1934
23.5926
23.1364
24.1629
24.7903
23.4786
22.7372
22.4520
22.7372
22.7372
22.6801
22.6801
22.0528
21.9388
22.0528
22.2809
22.0528
22.2809
22.3950
22.9083
24.0489
24.5051
24.7903
24.0489
24.6192
25.7027
24.0489
22.9653
22.8512
22.8512
22.9083
22.9083
22.6231
22.2239
22.0528
22.0528
22.4520
22.2239
22.1669
22.1098
22.1098
21.8247
21.5395
21.5966
21.5395
21.7106
21.8247
20.7411
21.0263
21.3114
21.2544
21.0833
20.9122
20.6841
20.3419
20.1708
22.9653
22.8512
22.7942
22.6231
19.7716
19.7146
19.6005
19.6576
19.7146
19.7716
19.7716
19.8857
19.7716
19.9997
20.3419
20.5130
20.2849
20.2849
20.1708
20.3419
20.4560
20.3989
20.2849
20.2279
20.1708
20.1138
20.1138
19.7716
20.3419
20.2849
20.3419
20.3419
20.3419
20.3419
20.4560
21.0833
21.6536
22.9653
24.2200
23.4215
25.2465
24.9043
24.6192
23.9348
23.9918
22.6801
22.6801
22.3950
20.2849
20.3419
20.3989
20.3419
21.9388
21.4825
21.9388
22.0528
21.3685
21.0833
21.4255
21.5966
22.6231
23.2504
23.9918
25.7027
25.8168
26.1019
24.7903
25.6457
24.0489
24.7903
22.7942
22.4520
22.6801
21.9388
21.9958
22.2809
20.8552
20.8552
20.8552
21.1403
21.1974
21.1974
21.4255
22.9083
23.8207
24.6762
26.0449
26.6722
26.6152
27.1855
26.9574
26.3301
25.5316
24.4481
22.9653
22.6231
21.8247
21.6536
21.1974
20.9692
21.9388
21.5395
21.8247
21.1403
20.9122
21.2544
21.7677
22.6801
24.3340
25.3035
25.7598
26.6152
26.7863
27.0715
25.7598
25.3035
24.1629
23.7067
23.3645
23.1934
22.3380
22.4520
22.2239
22.0528
22.6801
22.3950
22.2239
22.1669
21.9958
21.9958
22.1098
23.8207
24.7903
25.7598
25.8738
26.4441
26.9574
26.7293
25.6457
25.5887
25.7027
24.7332
24.2200
23.8207
23.1364
23.0223
22.9653
22.8512
22.3950
22.3950
22.3380
22.3380
21.8817
21.3685
21.5395
22.3950
23.5926
24.7903
23.5926
22.4520
22.4520
22.4520
22.7372
22.4520
22.4520
22.2239
22.2239
22.1669
23.4215
23.3075
23.0794
22.7942
22.2239
22.2809
22.3950
22.3950
22.3950
22.3950
22.4520
22.7372
22.7942
23.3075
23.8778
25.3606
25.7598
27.0144
25.7027
24.6192
23.1934
23.1364
23.1934
23.3645
22.1669
22.1669
22.1098
22.2239
22.3380
22.2239
22.1669
22.0528
21.8817
21.5395
21.3114
21.3685
21.5395
21.6536
22.0528
23.4786
24.3910
23.9348
23.1364
23.7637
23.4215
23.0794
22.6231
22.1669
22.5091
22.6231
22.5091
22.3380
21.6536
21.5966
21.6536
21.5966
21.5966
21.5395
21.6536
21.7106
21.5966
21.4255
21.7677
21.7677
21.8817
21.7106
21.9958
21.8247
22.0528
21.9958
21.7677
21.6536
21.8247
21.8247
21.8247
21.6536
21.3114
21.1403
21.1974
21.1974
21.3114
21.3114
21.5395
21.7677
22.2239
22.4520
23.0794
23.1364
23.8778
23.7067
25.0754
24.7903
24.4481
23.9348
23.0794
22.9083
21.7106
21.5966
21.5395
21.5966
22.2809
22.3380
22.3950
22.2809
22.2239
22.0528
22.2239
22.5661
23.2504
23.3075
25.9309
26.1590
23.8778
25.1324
23.5356
23.8207
23.6497
23.5356
23.3075
22.6231
22.6801
22.5091
22.4520
22.2809
22.5661
23.1934
23.3645
23.3645
23.3075
23.3075
23.6497
24.4481
25.5887
26.3301
26.3871
26.1590
25.9879
25.8738
25.3035
24.6762
24.6192
24.3910
24.1629
24.0489
22.3950
22.1098
22.1098
22.4520
24.0489
23.9348
24.1059
23.9348
23.8207
23.8207
23.7067
23.4786
24.2200
25.0754
24.9613
25.5887
26.1590
25.9879
22.3950
21.9958
22.3380
22.5661
22.4520
22.2239
24.1629
24.1059
24.0489
23.9348
22.3950
22.3950
22.4520
22.4520
23.1934
23.3645
23.5926
23.9348
24.5621
25.0754
25.8738
25.8738
25.8738
26.2730
26.4441
25.4746
24.7903
24.5621
23.9918
23.7067
22.1669
22.2239
22.3380
22.3950
23.9918
23.8778
23.9348
24.0489
24.0489
24.0489
24.2200
24.3340
25.3606
25.5316
25.5316
26.8433
27.2996
27.2425
28.6113
26.8433
26.2160
25.8168
25.3035
25.0754
23.7067
23.5356
23.9918
24.1059
24.5621
24.3340
24.3340
24.4481
24.3340
24.2200
24.5621
25.2465
25.4176
27.0715
26.5012
27.2996
26.9574
28.4972
26.7293
25.9309
25.6457
25.4746
25.1895
24.8473
24.7903
24.7332
24.5621
24.5051
24.2200
24.1059
24.0489
24.1629
24.1629
24.2200
24.3910
25.0184
26.8433
27.0144
28.0980
27.4707
27.5277
27.5847
27.2996
27.3566
27.5277
26.3301
25.8168
25.3606
24.5051
24.4481
24.3340
24.1629
24.2200
24.0489
23.8778
23.9348
23.7067
23.8207
24.2200
24.9043
25.6457
26.1590
26.5012
27.0715
26.9004
26.7863
26.4441
25.6457
25.3606
24.6762
23.5356
22.9083
24.9613
24.7903
24.5621
24.3910
23.9348
23.8207
23.8207
23.8207
23.8778
23.7637
23.9348
24.5051
24.6762
23.9918
25.3035
27.4707
26.9574
27.1285
26.7293
22.1098
22.2239
22.2239
22.3380
22.3950
22.8512
22.9653
23.0794
24.0489
22.3950
22.4520
22.4520
22.5091
22.5661
22.5661
22.8512
23.2504
23.7067
24.8473
27.5847
27.0144
27.3566
26.9574
26.6722
25.9879
25.1324
24.5621
23.8207
23.4215
22.3380
22.3950
22.4520
22.3950
23.2504
23.4215
23.5926
23.1934
22.9083
23.3075
24.2200
25.0184
26.3301
27.0715
27.7558
28.2121
27.6418
27.7558
27.6418
24.7903
23.5926
22.7942
22.4520
22.7942
23.1364
23.4786
23.4786
23.3645
23.6497
23.6497
23.5926
23.5926
23.5356
23.4215
23.4215
23.4215
23.3645
23.1934
23.8778
23.3075
23.5356
23.6497
23.9348
23.9348
23.3645
22.9083
23.0223
23.0794
23.1364
23.0794
23.1934
23.5926
23.6497
23.6497
23.5926
23.5926
23.5356
23.4215
23.4215
23.4215
23.3645
23.1934
23.8778
23.3075
23.5356
23.6497
23.9348
23.7637
23.3645
23.0794
22.6801
22.4520
23.1364
23.0794
23.1934
23.5926
22.3380
22.3380
22.2239
22.2239
22.1669
21.8817
21.9958
22.1669
22.4520
22.6231
23.3645
22.7372
22.4520
22.4520
23.0794
23.0223
23.4215
22.6801
22.6231
22.6231
22.2809
22.2809
22.2809
22.3380
22.5661
22.5661
22.5091
22.5661
22.5091
22.5661
22.5661
22.6231
22.6801
22.7942
22.7942
22.9083
22.9653
23.4215
23.1364
23.3645
21.7106
21.8817
22.3380
22.1669
22.5661
22.5091
22.5661
22.5661
22.4520
22.4520
22.4520
22.4520
22.5091
22.5661
22.6231
22.7372
22.7942
22.8512
23.9348
23.2504
23.6497
24.1629
23.5356
23.9348
23.4786
23.0794
22.9083
22.7372
22.2239
22.2239
22.2239
22.3950
22.7372
22.7942
22.7942
22.7942
22.7942
22.7942
22.9083
23.1934
23.7067
24.2770
25.3035
25.7027
23.6497
22.5091
22.9653
22.9653
22.9653
23.4215
23.0794
22.9083
22.7372
22.8512
22.8512
22.7372
22.7942
22.7372
22.6801
22.7372
22.6231
22.6231
22.7942
23.5356
24.5051
26.5582
26.2730
27.4707
27.8128
28.3831
28.6113
27.4136
23.3645
24.2200
23.7637
23.8207
22.7372
22.7942
22.7942
22.7372
23.3645
23.3075
23.3645
22.9083
22.7372
22.7942
23.8207
25.3035
25.7598
27.1855
27.4707
27.9269
28.0410
29.0105
29.5808
29.4097
29.2386
27.8128
25.6457
25.8168
24.1059
24.0489
24.0489
23.4215
24.1059
23.8778
23.7067
23.5356
23.1934
23.3645
24.1629
24.9043
25.9879
27.1285
27.0715
28.5542
27.6988
30.1511
29.5237
29.2956
29.1245
28.3261
25.2465
24.7332
25.4746
24.7903
24.4481
24.3340
23.9918
23.8778
23.9348
23.7637
23.7637
23.4215
24.4481
25.7598
26.1590
26.9574
27.5277
28.6113
28.6683
29.2386
29.5808
30.3792
29.5808
28.8394
25.9879
26.1590
24.5621
25.1324
24.5621
24.6192
24.4481
24.3340
24.3340
24.1629
24.1059
24.0489
24.6762
25.7027
26.6722
27.7558
28.0980
27.8699
28.8964
29.7519
30.3792
29.3527
29.6378
28.7824
26.7293
26.3301
25.9879
25.4176
25.0184
24.7332
24.3910
24.3340
24.1629
23.9348
23.5356
23.6497
24.2770
25.5887
26.2730
27.0715
28.6113
29.8089
29.9230
31.0636
31.5768
31.0636
30.3222
29.3527
27.0144
26.6722
25.9309
25.4746
25.0754
24.9043
24.5621
24.2770
24.1059
23.9918
23.9918
23.9918
24.2770
25.4176
27.0144
26.6152
28.3831
28.0410
29.0105
29.6948
29.4097
29.5808
28.8964
27.8699
27.0715
26.5012
26.1019
25.3035
25.0754
24.9043
24.5051
24.4481
24.3910
24.1629
23.9918
24.1629
24.8473
25.8738
27.0715
27.3566
28.2691
28.8394
28.9534
30.6643
30.2651
29.3527
28.2121
27.1285
26.4441
25.9879
26.2730
25.6457
25.1324
24.7903
24.3340
24.2200
24.1629
24.2770
24.2200
24.2200
24.6762
25.0754
27.6988
27.6988
28.8964
30.2651
30.0370
29.6948
31.1206
29.6378
27.9269
27.6418
26.5012
25.8168
25.6457
25.2465
24.9613
24.6762
24.3340
24.3340
24.3910
24.1629
24.0489
24.0489
24.3910
24.9043
26.4441
27.2425
27.5847
29.1245
29.6948
29.0105
28.8394
28.9534
27.5277
26.6722
25.8168
25.4176
25.3035
25.1895
24.7332
24.6762
24.5051
24.3910
24.2770
24.1629
24.1059
23.9918
24.5051
25.3606
26.2160
26.7863
27.6988
29.5237
29.5808
29.2956
28.9534
27.8128
27.2996
27.1285
26.4441
25.7027
25.1324
24.8473
24.6192
24.4481
24.3340
24.1629
24.0489
23.8778
23.9918
24.0489
24.2770
25.5316
26.5582
26.3871
27.1285
28.8394
29.2956
29.0675
29.5808
29.8659
28.5542
27.4136
26.3301
25.6457
25.2465
24.9613
24.7903
24.3910
24.3340
24.1059
24.1059
24.0489
24.2200
24.2770
24.7903
25.4176
26.3301
27.0715
28.3831
29.0105
29.9800
29.8659
31.0636
29.4097
27.1855
27.0144
25.9879
25.5316
25.4176
25.0754
24.8473
24.6192
24.5051
24.2200
23.8778
23.9918
23.7067
23.7637
24.1059
25.6457
26.3871
27.3566
28.8964
28.1550
29.6378
30.1511
30.2651
29.2386
28.4402
24.8473
24.3340
24.0489
25.4176
25.2465
25.1324
24.7903
23.4786
23.4215
23.2504
23.0794
23.0794
22.9653
23.8778
24.5621
25.4746
26.5012
26.3871
28.0410
29.2386
28.9534
28.3831
28.1550
27.7558
26.7863
26.0449
25.3035
23.9918
24.0489
23.5356
23.5926
24.1629
24.2200
24.1629
23.8778
23.6497
24.1059
24.4481
23.9918
23.9348
23.3075
25.4176
27.5277
27.1285
28.2121
26.2730
24.8473
25.6457
25.9309
24.9613
24.4481
25.5316
24.8473
24.3910
24.3340
24.3910
23.2504
23.6497
23.3645
23.3645
23.7637
23.8778
23.8778
24.1629
25.1324
26.9004
27.4707
26.4441
27.1285
28.8394
25.4746
27.7558
22.9083
22.6231
22.7372
23.9918
23.8778
24.1629
24.1629
23.3075
23.5356
23.4215
23.4215
23.0223
22.9653
23.0794
23.3645
23.7637
25.3035
24.5051
23.1934
23.7637
23.1364
23.3075
24.4481
24.3340
23.9348
24.1629
24.0489
23.3075
22.7372
22.5091
22.6801
21.9958
21.9388
21.9388
21.9958
22.1098
22.3380
22.5091
22.6231
23.3075
24.0489
23.9918
25.4176
27.4136
28.1550
27.4707
27.2425
27.6418
26.1019
23.9918
23.6497
23.0223
21.8247
21.7106
21.6536
23.3075
23.2504
23.1364
23.0794
22.9653
22.7372
23.0794
24.9613
25.5887
27.0144
27.1285
29.1245
28.2691
29.2386
28.9534
28.8964
29.4097
27.3566
25.9309
25.0754
23.3645
23.7637
23.4215
23.5356
23.8207
23.5356
23.7637
23.8778
22.8512
22.7372
23.5926
25.5887
26.7863
27.0715
28.3261
28.7253
29.6378
29.5237
29.6948
29.5237
28.0410
28.1550
25.5887
24.7332
25.3035
24.7332
24.7903
24.4481
24.3340
24.1059
23.9918
23.7637
23.5356
23.4786
23.9348
25.1324
25.8738
26.3871
26.2730
26.5582
23.9348
22.6231
22.5091
23.1934
22.7942
22.8512
22.6231
22.5661
24.7903
24.4481
24.2200
24.1059
23.0794
22.9653
23.0223
23.1364
23.0223
22.9653
23.0794
23.2504
23.0794
23.5926
23.9918
22.5661
22.4520
22.3380
22.2809
22.9083
23.0794
23.2504
23.1934
23.5356
22.7942
23.0794
23.0794
23.2504
23.2504
23.1364
23.0223
22.7372
22.8512
22.8512
22.9083
23.0223
23.1364
23.8778
24.4481
24.6192
24.6762
23.6497
23.5926
23.5926
23.2504
23.0794
22.8512
22.8512
23.1364
23.2504
23.2504
23.2504
22.9083
22.9083
22.9653
22.8512
23.0223
23.0223
23.0794
23.4215
23.8778
25.3035
25.7598
26.5582
26.1019
25.6457
26.4441
27.1285
27.2996
26.1590
24.7903
23.8778
22.9083
22.9083
22.7942
22.8512
23.0794
23.0794
22.9083
22.8512
22.7942
23.0223
23.0223
24.9613
23.8778
25.3035
25.7598
26.5582
26.1019
25.6457
26.4441
27.8699
28.4972
26.6722
25.1895
24.7903
23.4786
23.1934
23.2504
23.0794
23.7067
23.4786
23.4215
23.3075
23.3075
23.1934
23.4786
24.4481
24.7903
24.5051
27.0144
27.6988
28.9534
28.9534
28.6113
26.1590
27.1855
25.8738
24.9613
24.7332
24.5051
23.9348
23.8207
23.5356
23.1364
23.1364
23.1934
23.1934
23.1934
23.1364
23.2504
23.8207
24.1059
24.6762
25.4176
24.7903
26.1019
26.6152
27.0715
26.8433
26.0449
24.6762
22.4520
22.6231
24.4481
24.1629
23.3645
23.1934
22.1669
22.2809
22.3380
22.3950
22.3380
22.3950
22.5661
23.5926
24.6192
24.9613
23.7067
23.9348
24.5051
24.5051
23.9348
23.9348
23.9348
23.3645
23.3645
23.7067
22.5661
22.3950
22.2239
22.2239
23.1364
22.8512
22.7942
22.8512
22.8512
22.7372
22.8512
23.9348
24.6762
25.3606
25.7598
26.1019
27.0144
27.9269
27.5847
26.1590
24.3340
24.1059
23.9918
23.7067
23.7067
23.3075
23.3075
23.4215
23.3645
23.1934
23.4786
23.4786
23.4215
23.2504
23.5926
24.9613
25.4176
26.7293
26.6152
27.6988
27.9269
29.5808
30.5503
28.8964
26.9574
25.5316
24.1629
22.7942
23.7067
23.4786
23.6497
23.4215
23.8778
23.8778
23.8778
23.8207
23.7067
23.4786
24.3340
25.5316
25.7027
27.1855
28.1550
27.4136
28.4972
28.9534
29.5808
28.7824
29.5237
27.8128
26.0449
25.9309
23.0794
23.3645
23.6497
23.8207
24.2770
24.3340
24.1629
24.0489
23.7067
23.6497
23.9348
26.1019
27.6418
27.1285
27.8128
28.0980
29.0105
29.2386
28.6113
28.4402
27.9269
24.2200
24.2770
24.5621
25.5316
25.2465
24.7903
24.4481
23.2504
23.1364
23.3075
23.1934
22.9653
23.0794
23.1934
24.9043
26.5582
27.2996
27.8699
28.8394
28.3831
24.3910
24.2770
27.1855
27.9839
26.7293
24.5621
24.1629
23.7067
23.5356
23.5356
23.2504
23.3645
22.9083
22.7942
22.7942
22.5661
22.6231
23.0794
25.3035
25.9879
27.3566
27.4707
27.8699
27.9269
26.9004
29.4097
29.5237
29.1245
27.2996
25.2465
24.2200
24.5051
24.3910
23.9918
23.5356
23.4215
23.0223
22.9083
23.0223
22.7942
22.6231
23.3645
25.1324
26.1019
26.6152
28.2121
28.1550
29.1245
28.8394
29.4097
29.2386
28.1550
26.6152
25.5887
25.2465
23.9918
24.0489
23.8778
23.4215
24.3340
24.2770
24.3340
23.9348
23.9348
23.5926
24.1059
25.1324
27.4136
28.5542
29.2386
29.8089
29.8659
29.9800
31.0636
28.4972
25.3606
22.3950
22.2239
22.0528
24.8473
24.7903
24.5621
24.4481
21.9958
22.1669
22.5091
22.9653
22.1098
22.1669
21.9958
22.8512
22.3950
23.0223
23.1934
23.9348
25.7598
26.6152
25.7598
26.5582
26.7863
25.4176
23.9918
23.6497
22.1669
22.2239
22.0528
21.8817
23.1934
23.0223
22.6801
23.0223
22.8512
23.2504
23.4215
23.8778
24.8473
26.5582
26.8433
26.8433
27.6418
28.1550
28.2691
26.6152
27.1285
25.6457
24.7332
24.7332
23.5356
23.7637
23.3075
23.3075
23.4786
23.2504
23.0223
23.1364
23.0794
23.0794
23.1934
23.9348
25.9309
27.2996
26.7863
28.0410
27.9269
28.6683
27.9839
27.9269
27.6988
26.9004
25.1895
24.8473
24.3910
24.3340
23.8207
23.8207
24.1629
23.7067
23.8207
23.9348
23.8778
23.4215
23.7067
25.4746
26.7293
27.7558
27.8699
28.4402
28.3261
29.3527
29.6378
28.3261
27.8128
27.2996
26.2730
25.3606
24.7332
24.4481
24.2200
24.3910
24.1629
23.7067
23.2504
23.0223
23.0223
22.9083
23.2504
25.3606
27.7558
27.3566
28.3831
28.4972
29.4097
29.2956
28.7824
28.2121
26.1019
25.7027
24.9043
24.7903
25.3035
25.0754
24.7332
24.3910
23.9918
23.8778
24.0489
23.7637
23.4215
23.6497
23.9348
25.3606
26.3301
26.5582
28.3261
28.5542
28.1550
27.3566
25.5316
24.5621
23.3075
23.6497
23.1364
23.0794
24.7332
24.5051
24.5051
24.1629
22.6231
22.6231
22.7942
22.6231
22.6231
22.7372
22.5661
23.5356
24.8473
25.5316
27.1855
27.4136
27.1855
28.6683
29.2956
26.6722
25.0184
24.9043
24.1629
23.9918
23.0223
22.9083
22.7372
22.6801
23.8778
23.8207
23.4786
23.4215
23.0794
22.9653
24.2200
25.2465
26.2160
27.1285
27.1285
28.8964
29.5808
30.0940
28.7824
24.6762
25.7598
25.5887
24.5621
24.5051
23.7067
23.5926
23.7637
23.8778
23.8778
23.7637
23.8207
23.6497
23.0794
22.7372
23.4215
25.2465
26.3871
26.9574
28.0410
28.7824
29.7519
30.1511
30.2081
28.3831
28.8964
24.9043
24.6192
25.1895
24.3910
24.2200
24.2770
24.0489
23.8207
23.5356
23.5356
23.0223
22.9653
22.8512
24.0489
25.2465
26.2730
26.9574
27.1285
25.8738
23.9918
23.8778
24.6192
25.4746
24.9043
25.0184
23.4786
23.0223
24.6762
24.3910
24.1059
24.0489
23.4786
23.5356
23.5356
23.1934
22.9653
23.3075
23.4215
24.1629
25.8738
25.3606
27.4707
26.9574
27.6418
28.7253
29.1245
29.1245
24.8473
24.1059
23.6497
23.4786
23.1934
23.8207
23.8207
23.7637
23.0223
22.8512
22.6801
22.5661
22.4520
22.6801
23.1364
23.9348
24.7903
25.1324
25.0754
24.4481
23.1934
24.0489
25.8738
27.0144
25.7027
25.0184
23.8207
23.2504
23.2504
23.1934
22.7942
22.8512
22.4520
22.5661
22.2809
22.2809
22.1098
22.0528
22.6801
24.6192
25.9309
26.7863
26.8433
28.3261
28.1550
28.0980
27.8699
28.0980
27.5847
26.2730
25.5887
24.5621
23.1934
22.9083
22.7942
22.5661
23.9918
23.7637
23.6497
23.3645
23.1934
23.2504
23.8207
24.6192
25.0184
24.9043
21.8247
23.6497
25.5887
21.9958
21.7677
22.0528
22.1669
22.7372
22.2239
22.2239
24.1629
23.9918
23.7637
23.7067
22.6231
22.6231
22.5661
22.6231
22.6801
22.6231
22.7942
23.9918
24.2770
24.6192
25.9879
26.2730
26.7293
27.6988
27.9269
23.1364
23.1934
23.5356
22.9083
22.7372
22.3380
22.3950
22.4520
22.3950
21.9958
22.1098
22.2239
22.1669
21.9388
21.8817
22.5091
24.1629
24.7903
25.7598
27.5277
27.8128
27.7558
27.8699
28.3261
28.1550
28.2691
26.7863
24.7903
24.3340
22.5661
22.3950
22.3950
22.3380
23.6497
23.7067
23.7637
23.3645
23.3075
23.3075
23.4786
24.3340
26.1019
27.3566
27.1855
28.1550
26.7293
27.9839
28.0980
27.1285
27.3566
26.7293
23.4215
22.9083
24.2200
24.1059
24.1059
23.9918
23.6497
23.7067
23.7637
23.3645
23.3075
23.3075
23.4786
24.3340
26.1019
27.3566
27.1855
28.1550
26.7293
27.9839
28.0980
27.7558
25.3606
24.6192
24.5621
22.9083
24.2200
24.1059
24.1059
23.9918
23.3645
23.3075
23.0794
23.0794
23.1364
23.1934
23.2504
23.0223
23.6497
24.3340
24.9043
23.0794
23.1364
24.2200
24.3340
23.6497
23.4786
22.7372
22.4520
22.5091
23.5356
24.3340
23.4215
23.4215
22.7372
22.5661
22.6231
22.7942
22.7372
22.8512
22.9083
23.3645
23.4786
24.9043
25.0754
27.3566
26.9574
27.0144
26.1590
27.0144
26.5012
25.4176
24.6192
24.3910
22.5091
22.8512
22.8512
22.7942
23.3075
23.2504
23.6497
23.5926
23.4215
23.2504
23.9918
25.0754
25.8168
26.2160
28.0980
28.2691
28.7824
24.4481
27.2996
22.3950
22.3380
22.2239
22.0528
22.1098
23.9918
23.7637
23.4215
23.2504
22.4520
22.3950
22.2809
22.2809
22.1669
22.2239
22.4520
23.5356
24.5621
25.3035
25.5316
25.6457
26.6722
27.8128
22.1098
22.6231
23.2504
22.6801
22.3950
22.3380
22.1669
22.1669
22.2239
22.3380
22.3950
21.9388
22.1669
21.9388
21.8817
21.9958
22.3950
23.6497
24.6192
26.2160
26.3871
27.5277
27.3566
27.2425
27.7558
27.4136
27.6988
26.1019
24.9043
24.4481
22.3380
23.0223
22.5091
22.3950
22.7372
22.9083
22.9083
23.0223
23.0223
22.2809
23.1934
24.2770
24.7903
26.3301
27.1855
27.7558
28.4402
28.0980
28.3261
27.9839
27.8699
26.0449
25.2465
24.7332
24.1059
23.7637
23.8207
22.7942
23.7637
23.1934
23.4786
23.2504
23.1364
23.3075
23.4215
25.2465
26.3871
27.1855
28.0410
28.2691
28.0410
28.1550
27.8699
28.1550
27.7558
25.8738
24.9613
24.3910
24.6192
24.1059
24.0489
23.8207
23.8778
23.7067
23.3645
23.5356
23.1934
23.4786
24.1629
24.2200
25.8738
27.1285
28.2691
28.7253
29.6378
29.1245
29.0675
26.7293
27.1855
25.8738
25.2465
25.1895
24.3340
24.5621
24.1059
24.1629
24.2200
24.0489
24.2200
23.5926
23.5356
23.0223
23.0223
24.4481
26.6152
27.4707
27.4136
28.3831
28.5542
28.3831
28.6113
28.6113
28.3831
26.3301
25.4176
25.0754
25.1895
25.0184
24.6192
24.4481
24.7332
24.5621
24.3340
24.1059
24.6762
23.8778
24.2200
25.1324
25.4176
26.9004
28.7824
27.5277
28.7253
28.2691
29.0675
29.1245
28.1550
27.0715
25.8168
24.9613
25.0754
24.6192
24.4481
24.5621
24.6192
24.6192
23.3645
23.7637
23.9348
23.4215
22.8512
23.1934
23.1934
23.4786
22.9083
23.1364
22.9653
22.8512
22.6801
22.5661
22.6801
22.6231
22.5091
22.5091
24.6192
24.7903
24.9043
24.9043
22.1098
22.1098
21.9388
21.9388
21.9958
21.9388
21.9958
22.1669
22.2809
22.3950
22.7372
22.3380
22.5661
22.5091
22.6801
22.6801
22.5091
22.4520
22.5091
22.8512
22.4520
22.3380
22.2239
22.2239
22.7942
22.8512
22.9083
22.9653
22.9083
22.7942
23.0223
23.1934
23.8778
24.6192
24.8473
24.7332
26.5582
25.8738
25.0754
27.1855
26.5012
25.3035
24.0489
23.7067
23.0223
22.8512
22.7372
22.7942
23.4215
23.5926
23.8207
23.5926
23.1364
22.7372
22.8512
24.2200
25.7027
26.6152
27.9839
27.3566
27.9269
28.8394
28.4972
28.6683
28.1550
25.5316
24.8473
24.8473
23.6497
23.3645
23.6497
23.8207
23.8778
23.6497
23.4786
23.2504
23.2504
22.8512
23.2504
25.0754
25.7598
27.0144
27.5277
28.0980
28.6113
28.6113
28.3831
28.2691
27.9269
25.7027
25.3606
24.9613
24.6762
24.4481
24.4481
24.2770
23.9348
23.7067
23.4786
23.7637
23.3075
23.1934
23.4215
25.0754
26.1590
27.7558
29.1816
23.3075
24.7332
28.8964
28.6113
28.6683
27.2425
25.8738
25.0754
24.6192
24.6762
24.3340
24.2770
24.4481
24.1059
24.5051
24.4481
23.2504
23.3075
23.1934
23.4215
25.0754
26.1590
27.7558
29.1816
23.3075
24.7332
28.8964
28.6113
28.3261
27.8699
25.8168
25.2465
23.0223
24.3910
24.5051
24.2200
23.9348
22.6231
23.0223
23.0223
22.9083
22.5661
22.5661
22.5661
23.9918
26.3871
25.3606
27.0144
26.9574
27.8128
28.3831
28.1550
27.4136
24.5051
24.1629
23.1934
23.1364
22.7372
22.9083
22.6801
22.5661
23.9348
23.3075
23.3075
23.2504
23.1934
22.9653
23.3645
24.0489
23.9348
24.3340
24.3340
25.1324
24.5051
25.1324
25.9309
24.6762
23.7637
23.1934
23.0223
23.0794
23.9348
23.9348
24.1629
23.7067
22.5661
21.9958
21.9388
21.9958
22.1098
22.1669
22.2239
22.4520
22.5661
22.6231
22.7942
22.9653
23.2504
22.8512
23.0223
22.8512
22.6801
22.3380
22.0528
21.9388
23.1364
23.0223
22.9083
22.8512
22.1098
21.9958
22.0528
22.0528
21.9958
21.9958
21.9958
22.4520
23.9348
24.2200
25.7598
25.0754
25.8738
24.9613
27.4136
25.4176
22.4520
22.4520
22.5091
22.2809
21.9388
21.9958
21.9958
22.0528
22.1669
22.0528
21.9958
22.1098
21.9958
22.0528
22.5091
22.9653
23.5926
24.9043
25.4746
26.4441
25.9879
26.2730
28.0410
27.2996
26.5582
24.8473
24.2770
23.7067
22.2809
22.2239
22.2809
22.1669
22.7372
22.6231
22.3950
22.6231
22.9083
22.7372
22.5091
23.8778
25.4176
26.2160
26.9004
27.8699
27.5847
27.1855
27.5277
26.1590
24.7903
24.2770
23.8207
23.5356
23.2504
23.1364
23.0794
22.9083
22.9653
22.6231
22.3950
22.3380
22.2239
22.3380
22.5661
24.3910
25.8168
26.6722
27.9839
27.6418
26.8433
29.1245
28.7824
28.6683
28.1550
25.4746
24.7332
24.1629
23.4215
23.3075
23.4786
23.1934
23.3645
23.2504
23.3075
23.1934
22.9083
22.7372
23.2504
24.2200
25.9879
26.8433
27.9839
28.3831
28.2121
28.7253
28.6683
27.1855
27.0715
25.4746
24.9043
24.5621
24.1059
24.3910
23.9348
23.7637
24.2770
23.8778
23.7067
23.7637
23.5356
23.3645
23.7067
25.2465
26.8433
27.9839
28.6113
28.4972
29.4667
28.0980
22.8512
22.7942
23.4215
23.3075
23.3075
23.3075
24.6192
24.2200
24.5621
24.1629
23.6497
23.6497
23.8207
23.4786
23.4786
23.2504
23.7637
25.4746
26.7863
27.6418
29.7519
29.4667
29.1816
29.7519
29.8089
30.0370
28.7824
26.9004
25.7598
25.5887
23.1934
23.4215
23.5356
23.7637
25.0754
25.0184
25.0184
24.9043
25.0754
24.7332
24.5051
25.8738
26.6152
27.1855
28.0980
28.2691
28.2691
28.3261
27.6988
26.8433
27.1285
27.0144
25.9879
25.8168
25.3606
24.9613
25.1895
25.1324
22.2809
21.7677
21.8817
21.5966
21.7106
21.7106
21.9388
22.2809
22.3380
22.3380
22.6801
24.2200
23.4786
23.0223
22.4520
22.3950
22.2809
22.2809
21.9958
21.9388
23.4215
21.9958
21.8817
22.0528
22.2809
21.7677
21.8817
21.5966
21.7106
21.7106
21.9388
22.2809
22.3380
22.3380
22.6801
24.2200
23.4786
23.0223
22.4520
22.3380
22.2239
21.9958
22.0528
22.1098
21.9958
22.2239
22.3380
22.5091
22.3950
22.3380
22.2809
22.2809
22.3950
22.2809
22.3950
22.4520
23.0223
23.4215
23.2504
24.7332
25.3035
25.4746
25.5316
26.3301
25.3035
23.4786
22.9653
22.7942
22.4520
22.2809
22.3380
22.2809
22.3950
22.3380
22.2239
22.1098
22.1098
21.9958
21.9388
22.1669
22.7372
23.3075
25.3035
25.3035
26.0449
26.0449
25.8738
25.4746
25.3035
21.5395
21.8817
21.8817
22.7372
22.6801
22.7372
22.6231
21.7106
21.8247
21.9958
22.0528
22.1098
21.8247
22.0528
23.3075
24.3910
24.6192
25.7598
26.0449
25.7027
26.1590
25.9879
25.3035
24.9043
24.1629
23.1364
22.8512
21.8247
21.7106
21.6536
21.7677
22.6231
22.5661
22.3380
22.3380
22.3950
22.3380
22.4520
23.1364
23.9918
25.8738
27.4136
26.9004
27.2996
27.4707
27.2425
26.8433
26.6152
24.7332
24.0489
23.7637
22.7372
22.6801
22.5661
22.6231
23.0223
22.9653
22.6231
22.5661
22.6231
22.5091
22.9083
23.5926
25.0754
26.9574
27.6418
27.2996
28.0410
27.1285
27.5277
27.3566
25.9879
24.9613
24.2770
24.1629
23.5356
23.3075
23.1364
22.9083
23.5926
23.2504
23.1364
23.1364
22.8512
22.8512
22.8512
23.6497
24.7903
25.0754
25.7027
26.6722
27.6418
27.1285
26.7863
25.6457
25.9879
24.5051
23.9918
23.9918
24.1629
24.0489
23.7067
23.7637
23.1364
23.5926
23.8207
22.7942
22.7372
22.7942
22.7942
22.7942
22.7942
22.9083
23.0794
23.8778
26.2730
25.8168
26.4441
26.2160
25.5316
24.1629
23.8207
23.2504
23.7637
23.7637
23.5926
23.4215
22.5661
22.6801
22.3380
22.3950
22.3380
22.4520
22.5661
22.6801
22.7942
24.1059
24.2770
23.9918
24.8473
25.0184
24.6192
24.5051
24.3910
23.4786
22.6801
22.4520
23.3645
23.4215
22.8512
22.4520
22.3380
22.1098
21.8817
22.0528
21.7106
21.6536
21.8817
22.3950
23.3645
23.7067
24.9043
26.5582
26.6722
26.7293
26.3871
26.5582
25.8738
23.9348
23.3075
23.0794
22.4520
22.2809
22.2239
22.4520
22.4520
22.3380
22.2239
22.1669
22.5091
22.2809
22.6231
23.1934
24.3340
25.4176
26.2730
26.6152
27.1855
26.5012
26.8433
27.0144
25.7027
24.7332
24.3910
24.0489
22.9653
22.9083
22.6801
22.5091
23.0794
22.7372
22.5661
22.6231
22.2239
22.1669
22.3380
23.0794
23.4215
23.6497
24.3910
26.3871
26.1019
25.4746
24.9613
24.8473
24.3910
23.8778
23.4215
23.0794
23.9918
23.7637
23.6497
23.1934
22.1098
21.9958
21.9958
21.9958
21.7677
21.4825
21.3685
21.3685
21.7106
22.2809
23.7067
23.8778
23.2504
23.1934
23.0794
22.7372
22.3950
22.2809
22.3380
22.2239
22.8512
22.9653
22.5661
22.3380
21.8817
21.4255
21.3685
21.1403
20.9692
20.7411
20.5700
21.0263
21.8247
22.6231
22.1669
22.3380
22.9083
22.6231
22.3380
22.3950
21.8247
20.9692
20.9122
21.0263
21.5395
20.9692
21.3685
21.6536
20.6271
20.7411
20.6841
20.5130
20.3989
20.2279
20.3419
21.0263
21.3685
22.0528
23.0223
23.0223
22.9653
22.9083
23.9348
23.4786
22.5091
21.8817
21.4825
21.4255
21.0263
21.2544
20.9692
20.7411
21.5966
21.3685
21.2544
21.0833
21.0833
21.1974
21.4255
22.1669
21.7106
22.6801
23.4786
23.4786
24.3340
24.5621
24.8473
24.1629
23.3645
22.9653
22.5661
22.1669
21.5966
21.4255
21.4255
21.4825
21.4255
21.0833
21.0263
21.0263
21.2544
21.0833
21.3114
21.8247
22.2809
22.7942
24.2200
24.7903
24.2200
24.9613
24.6762
24.8473
23.9918
23.0794
22.6801
22.6231
21.8817
21.8247
21.6536
21.3685
21.8817
21.8817
21.7677
22.1669
21.7106
22.0528
21.9388
21.8247
22.2239
22.3950
21.5966
21.3685
21.2544
21.1403
21.2544
20.7411
20.4560
20.3419
20.3419
20.2279
22.6231
22.2239
22.1098
21.9388
20.5700
20.6271
20.6841
20.6841
20.7982
20.7982
20.8552
20.9122
21.0833
20.9692
20.9122
21.0833
20.9692
21.1403
21.2544
21.4255
21.4825
21.4255
21.5395
21.5966
20.3419
20.3989
20.4560
20.5130
22.1669
22.2239
22.2239
22.2809
22.2809
22.2239
22.2239
22.2239
22.2809
22.7942
22.9083
23.9348
24.6762
24.4481
23.7067
22.6801
22.3380
22.2809
22.2809
22.2239
21.7106
21.8247
21.9958
22.0528
22.3380
22.3380
22.3380
22.3950
22.4520
22.3380
22.3950
22.6231
22.9653
23.4215
25.1895
26.9004
26.9004
26.8433
26.1019
27.0715
25.7027
23.9918
23.4786
23.4215
22.2239
22.2809
22.3380
22.3380
23.0794
22.8512
22.9083
22.7372
22.7942
22.6801
22.8512
23.5356
24.8473
26.6722
27.1285
27.4707
27.4136
27.6418
27.3566
26.7293
25.4176
24.3910
23.9348
23.8778
23.1934
23.1364
23.3645
23.1364
23.1364
22.9653
22.6231
22.5661
22.4520
22.3380
22.3950
23.5926
25.4746
25.0754
26.7293
27.0144
27.3566
27.2996
28.0980
27.2996
25.3606
24.4481
24.1629
24.2770
23.6497
23.5926
23.5356
23.3075
22.7942
22.5091
22.1098
21.8817
21.5395
21.5395
21.3114
21.4825
21.9958
22.7942
23.0223
22.5661
22.7942
23.7067
23.1364
22.6231
22.5091
22.3380
22.4520
22.6801
24.3340
23.8207
23.4215
22.9083
21.4825
21.0263
20.6271
20.4560
20.2849
20.2849
20.2849
20.5130
20.7982
21.1403
21.1974
22.6231
24.3910
23.9348
23.8207
24.5051
23.0794
21.7677
21.4825
22.1669
22.3950
22.2239
21.9958
21.7677
21.8817
21.8247
21.2544
21.5966
21.4255
21.0833
21.0263
22.2809
22.5091
23.4786
24.8473
26.1019
26.1590
25.3606
24.4481
25.0184
23.9918
22.8512
22.5091
22.5091
22.0528
21.5395
21.4825
21.7106
21.9958
21.9958
22.2809
21.8247
21.9958
21.7677
21.6536
21.7677
24.5051
24.4481
24.9043
26.2160
26.0449
25.4176
24.9043
25.3606
24.5051
23.6497
22.7942
22.3950
22.2239
22.1669
22.0528
21.9958
22.5661
22.3950
22.2239
22.1669
21.7677
21.4825
21.5395
22.1098
23.1934
23.7067
25.2465
26.3301
26.0449
26.4441
26.4441
25.4746
24.6192
23.4786
23.3075
23.1934
22.6231
23.3075
23.0223
22.3950
21.7106
21.5966
21.5395
21.3685
21.1403
21.4255
21.4255
21.5966
22.3380
22.9083
23.1934
24.4481
25.4746
26.0449
24.5051
24.3340
23.4786
23.0223
22.8512
22.5091
22.7942
22.4520
22.1098
21.8817
21.5395
21.1974
21.2544
21.1974
21.1974
21.2544
21.1974
21.4255
21.8247
22.5661
23.0223
23.3075
23.4215
23.8207
23.1364
23.0223
22.7372
22.2809
22.1098
21.8247
22.1669
21.9388
21.8817
21.7106
20.6271
20.6271
20.3419
20.6271
20.6271
20.5700
20.6271
20.7411
21.7677
22.8512
24.1059
24.4481
23.8207
24.6192
25.2465
24.3340
23.4215
22.2809
22.2239
21.7677
21.6536
21.3114
21.1974
20.9122
19.8286
19.6576
19.0873
18.9162
19.1443
19.0873
19.1443
20.8552
22.6801
23.5356
24.2770
25.5316
25.1895
24.9613
25.6457
24.9613
24.3340
22.5661
21.9958
21.8817
21.5966
21.6536
21.1974
21.0263
20.6271
20.3419
19.7716
19.5435
19.6576
19.6005
19.4294
21.0263
23.0223
24.2200
25.6457
25.0754
25.0184
24.9043
23.9348
23.9348
22.9653
23.0794
22.4520
22.5091
21.4255
21.0833
20.7982
20.6841
22.1098
21.9388
21.4255
21.5966
21.5395
21.3685
20.9692
22.5091
23.1364
24.7332
24.7903
24.1059
23.1934
23.9918
23.8778
23.0794
23.1934
22.4520
22.4520
22.3380
22.5091
22.1669
22.3380
21.9958
21.5395
21.4255
21.2544
21.0833
20.8552
20.6271
20.5700
20.6841
20.6841
20.6271
20.5700
20.3989
20.2279
20.0568
19.9427
19.8286
19.8286
19.6576
19.4294
19.3724
22.1098
21.9958
21.8247
21.7106
18.4029
18.2888
18.1177
18.0037
17.8896
17.7756
17.6615
17.7185
18.4029
19.6005
20.9122
19.3724
20.3989
20.5700
20.3989
20.1708
20.0568
18.9732
18.3459
18.2318
19.2013
19.0302
18.8021
18.6310
16.4639
16.4068
16.3498
16.1787
16.0076
15.8936
15.9506
16.7490
17.7756
18.9162
18.9732
20.4560
21.0263
21.1403
21.4255
21.1974
20.1708
19.2013
18.6310
18.5740
17.8326
17.3764
17.0912
16.8061
17.0342
16.9771
16.8061
16.8061
16.5209
16.4068
16.4639
17.3764
18.6880
20.0568
20.3419
20.4560
21.7106
22.2239
22.1669
22.0528
20.7982
19.7146
19.3724
18.9732
18.3459
18.2888
17.7756
17.5474
17.5474
17.4904
17.0912
16.7490
16.6350
16.5209
16.6350
17.2053
18.4029
19.7716
19.3154
20.9122
22.1669
22.2239
22.4520
21.5966
20.7411
18.4029
18.0607
17.5474
18.6880
18.4599
18.0037
17.7756
17.7756
17.6045
17.2053
17.3193
16.8061
16.6350
16.3498
17.6615
19.0873
20.9122
21.1974
21.7677
21.9388
22.5661
22.3950
21.9388
19.9997
18.5170
18.1748
17.9467
18.8591
17.8326
18.2318
18.6310
17.6045
17.4904
17.0342
16.7490
16.5779
16.4639
16.2928
17.3193
19.8857
20.2849
21.8247
22.5661
22.6231
23.0794
22.9083
23.0794
20.7982
19.3154
19.0302
18.6310
18.1177
18.0037
17.5474
17.7185
18.0037
17.4334
17.7185
17.4334
17.0342
16.9771
17.0342
17.8896
19.7716
20.6271
21.7106
23.1934
23.5356
23.4786
23.7067
23.7637
21.9388
19.8857
19.4865
19.4865
18.6880
18.5740
18.6310
18.1177
19.4294
19.0302
17.9467
17.6615
17.2053
17.2053
17.2053
19.0302
20.3419
21.6536
22.7372
22.2809
23.6497
23.7637
23.1934
22.2809
21.5966
19.0873
19.8857
19.3724
19.5435
19.1443
19.5435
19.7146
18.6310
19.0302
18.9162
18.3459
18.3459
18.2318
18.1177
19.0873
20.3419
20.3419
21.4255
22.1098
21.5966
21.1403
21.1403
21.1403
20.6841
20.3419
20.1138
20.4560
19.8857
20.2279
19.6576
19.3154
20.4560
20.3419
19.7146
19.8286
19.4294
19.4865
19.3724
19.3724
19.7716
20.4560
21.7677
21.8247
22.5661
21.1403
19.2013
18.2888
18.1748
18.0037
18.8021
17.9467
20.0568
19.8286
20.0568
20.4560
18.8021
18.9162
18.5740
18.1748
18.5740
18.6880
18.4029
19.3724
19.8286
21.0263
21.5966
22.0528
22.6801
22.5091
22.5661
22.5661
21.4255
20.6841
20.2849
20.2279
17.6045
18.5740
18.9162
18.7451
18.9732
19.2583
18.8021
18.6310
18.9162
18.7451
18.5170
19.1443
21.5395
23.1364
23.5356
23.8778
24.4481
24.7332
24.6192
24.3910
22.1098
20.8552
20.4560
20.2849
20.2279
19.8286
19.9997
19.6005
19.3724
19.0302
19.2013
19.4294
18.9732
19.7716
19.2583
19.6576
21.4255
22.9653
23.4215
24.6192
25.3606
25.1324
25.4746
24.9043
23.0794
20.6841
20.3989
20.3419
20.0568
20.1138
19.9997
19.7146
19.7716
20.2279
20.0568
19.7716
19.8857
19.7146
19.5435
19.8857
20.8552
22.4520
23.5926
23.5356
24.2200
24.5051
24.5051
23.9348
21.5395
20.0568
19.5435
19.4865
21.6536
20.9692
19.8286
19.8857
18.1748
17.6045
18.0037
17.5474
17.4334
17.2623
17.3764
17.8896
19.7716
21.4825
21.9388
22.3950
23.9918
23.6497
24.2770
23.7637
21.1974
19.7716
19.3724
19.1443
19.4294
19.2583
18.6880
18.1748
18.1177
17.4904
17.7756
17.4334
16.9201
16.9201
16.9201
17.9467
19.4294
21.5966
23.0794
24.1059
24.1059
24.3910
24.3910
24.3340
21.5395
20.1708
20.0568
20.0568
18.9162
18.9162
18.6310
18.5740
18.9162
18.9162
18.8591
18.5740
18.4029
18.1748
17.9467
19.7716
20.9122
21.0263
23.3075
23.8778
24.0489
24.0489
24.2200
24.1629
21.4255
20.3419
20.5130
20.2279
19.7146
19.9427
19.3154
19.3724
18.6880
18.6310
18.4599
18.1748
18.5170
18.1177
18.4599
18.2888
19.6005
21.7677
23.0794
23.5926
24.4481
24.3910
24.7332
24.4481
22.2239
20.6271
20.4560
20.2849
19.9997
19.9427
19.6005
18.8021
18.8591
18.8591
18.6310
18.6880
18.4599
18.3459
18.2888
19.2013
21.1974
23.0223
24.2200
23.7637
24.6192
24.9613
24.4481
24.3910
22.5661
21.2544
20.9692
20.8552
20.2849
19.9427
19.7146
19.7716
19.9427
19.7146
20.0568
19.7146
19.8286
20.1708
19.9997
20.5130
20.8552
21.8247
23.9918
24.1629
24.4481
24.9613
24.6762
24.1629
22.7942
21.9388
21.5395
20.6271
20.8552
20.8552
20.5700
20.0568
19.4865
18.9732
18.9732
18.5170
18.2318
18.1748
17.8896
18.0607
18.5170
19.6576
21.4255
21.9388
22.1098
22.2239
21.7677
21.4255
20.6271
19.2583
19.4865
19.0302
20.9692
20.6271
20.0568
19.8286
17.6615
17.2623
16.7490
16.4068
16.2358
16.3498
16.4639
17.0342
17.8896
19.7716
20.6271
21.1403
21.6536
21.4825
21.7677
21.3685
20.2849
18.7451
18.4029
18.2318
18.4599
18.1748
17.7756
17.9467
17.4334
17.2053
17.2053
16.9771
16.8061
16.8631
16.9771
17.9467
19.7146
20.5700
21.8817
22.4520
22.4520
23.0223
22.6801
22.3950
21.3685
19.7716
19.3724
19.2013
18.1177
17.8896
17.7185
17.4904
19.3154
19.7716
19.4294
19.3724
18.4599
18.4599
18.2318
18.7451
19.7146
21.1974
21.3114
22.2809
22.1669
22.9653
22.7372
22.7942
21.3685
19.6005
19.1443
18.9732
19.1443
19.0873
19.2583
19.3154
18.0607
18.2318
18.0037
17.5474
17.3193
17.2623
17.2053
18.5170
19.5435
21.3114
21.8247
21.0833
22.6801
22.9653
22.7942
22.1669
20.6271
19.4294
19.0302
19.0873
18.8021
18.5170
18.2888
17.8896
19.4294
19.1443
18.5170
18.6880
18.4599
18.6880
18.7451
19.0302
20.5130
22.2809
23.1934
23.6497
24.1059
23.1364
22.5091
22.7372
22.0528
20.8552
20.1708
20.5130
19.0302
19.1443
19.3154
19.3724
20.3989
20.1708
20.0568
20.1708
20.3989
20.2849
20.1138
20.1138
20.1138
20.8552
21.0263
23.4786
22.3950
22.5091
22.2809
22.2809
21.1974
20.9692
20.6271
20.3419
20.6271
20.5700
20.4560
20.5130
19.3154
19.1443
18.8591
18.1748
17.8896
18.4029
18.3459
18.8021
20.3419
21.1403
22.6801
22.2239
23.3075
23.0794
22.6801
22.2239
21.1974
19.7716
19.3724
19.2583
20.0568
19.8286
19.6576
19.4865
18.4029
18.3459
18.3459
18.5740
18.9162
19.0302
18.9732
19.0302
19.2583
20.4560
20.7982
21.5395
22.0528
22.4520
22.6231
22.2809
21.0263
20.3419
20.1708
20.1708
19.2013
18.9732
19.1443
18.6310
20.2279
19.8857
19.3724
19.0302
18.6310
18.3459
17.9467
18.2888
19.3154
19.7716
21.6536
21.5966
22.7372
23.1364
22.6231
21.7106
20.4560
19.4865
18.8591
19.1443
20.1708
19.8857
20.0568
20.4560
16.7490
16.6350
17.4334
16.5779
16.2928
15.8936
15.6084
16.6920
18.2888
18.8021
20.5130
20.9122
21.5395
21.1403
21.0263
21.0833
19.7716
18.5170
18.4599
18.5170
18.4029
18.0037
17.9467
17.0912
18.4599
18.5740
18.5740
18.3459
18.4029
18.2888
18.1748
18.1748
19.6576
20.5700
21.2544
22.3950
21.7677
22.7942
22.1098
21.4825
20.8552
20.0568
19.8857
19.8857
18.5170
18.6310
18.4029
18.5740
19.2013
19.0302
18.9732
18.9732
18.6880
18.8591
18.6310
18.8591
19.8286
21.3685
21.5395
21.8247
21.8817
23.0223
22.0528
21.7677
21.1974
20.4560
20.7982
20.2279
19.7146
19.4865
19.4294
19.2583
18.8021
18.7451
18.5740
18.4599
18.2318
18.7451
18.9162
19.1443
19.6576
21.4255
22.5661
22.6801
22.1669
22.2809
22.6231
22.1669
21.3685
20.0568
20.0568
19.8857
19.9997
19.7716
19.2583
19.0302
19.0873
18.9732
18.7451
17.9467
17.7185
17.5474
17.4904
18.0037
20.6841
20.7411
22.7942
22.5091
22.3950
22.3380
22.5091
21.4825
21.1403
20.2849
20.2279
20.1138
19.9427
19.7146
19.4865
19.2013
18.9732
19.0302
18.8591
18.6880
18.6880
18.4599
18.0037
18.4029
20.5700
21.4825
22.4520
22.5661
22.6231
22.9083
22.6801
22.5091
21.2544
19.6576
19.2583
19.3154
19.7716
19.5435
19.2583
19.2013
18.0607
18.0037
17.9467
17.6615
17.5474
17.3764
17.3764
17.7756
19.7716
21.1403
22.2809
22.8512
23.4786
22.9653
23.0794
22.8512
21.1403
19.7716
19.2583
19.4294
19.0873
18.7451
18.5740
18.4599
19.2583
19.1443
19.0302
18.6310
17.8326
17.6615
17.3193
18.2888
19.8286
20.4560
22.4520
22.9653
23.1934
23.1364
23.0223
22.5091
20.3989
18.9732
18.6310
18.5740
19.3724
18.8591
18.8591
19.5435
17.6045
17.5474
17.4904
17.0912
16.8631
16.8631
16.6920
17.2053
18.9732
20.5700
21.6536
22.1098
22.7372
22.9653
22.7372
23.0794
20.6271
19.4865
19.1443
19.0302
18.5740
18.1748
18.1177
18.0037
18.1177
17.8896
17.8326
18.1177
18.4029
18.2888
18.0607
18.6310
19.2013
20.1138
21.1403
22.6231
23.2504
23.7067
24.0489
23.7637
21.9958
20.7982
20.3989
20.3419
18.7451
18.5740
18.4599
18.4029
20.2279
20.0568
19.7146
19.2583
19.2583
18.6310
18.5740
18.9732
20.3989
22.1098
23.9348
23.4215
24.8473
23.7067
24.1629
23.4786
23.0223
21.9388
21.9388
21.3685
20.1708
19.9997
20.1138
20.3989
19.3154
18.9162
18.4029
18.3459
18.0607
17.8896
17.7185
17.6045
17.8326
17.7756
18.6880
18.8021
19.0302
19.5435
19.7146
19.2583
18.1748
17.4904
17.0912
16.9201
20.9122
20.3989
20.1138
19.6576
15.6084
15.6655
16.0076
15.5514
15.0952
14.8670
14.2967
14.8670
16.9201
18.2318
19.6576
20.5130
20.5700
20.1708
20.3989
19.8286
17.8326
16.4639
16.2358
16.1217
16.6350
16.2928
16.1787
16.0076
15.3803
15.1522
15.0952
15.2092
15.1522
15.0381
15.0952
15.4944
16.6920
17.7756
18.3459
19.7716
20.1138
20.2849
20.7982
20.1138
19.1443
17.4334
16.8631
16.9771
15.8936
15.6084
15.4944
15.4373
17.3193
17.4334
17.5474
17.3193
17.5474
17.5474
17.4334
17.4904
17.6615
17.9467
18.1177
18.4599
18.5170
18.3459
18.3459
18.1177
17.9467
17.6615
17.6045
17.5474
16.7490
16.8061
17.0912
17.2053
16.7490
16.4068
16.2928
16.2928
16.2928
16.3498
16.4068
16.3498
16.4639
16.5209
16.5209
16.4068
16.4639
16.3498
16.4639
16.4068
16.4639
16.4639
16.5209
16.5209
17.3193
17.2623
17.2053
16.9201
16.5209
16.5779
16.5779
16.6920
16.6920
16.7490
16.7490
16.8631
17.0912
17.4904
17.6615
17.3764
17.5474
17.6615
17.7185
17.6045
17.5474
17.6615
17.5474
17.6045
16.4639
16.4639
16.5209
16.5209
16.5209
16.5779
16.5779
16.6920
16.6920
16.7490
17.0912
17.6615
18.2318
19.0302
19.6005
19.7716
20.4560
20.7411
21.5966
21.0263
20.6271
19.9427
19.9427
20.1708
17.7185
17.8896
17.8896
19.0873
20.2849
19.8857
19.1443
18.5170
18.1748
17.8326
17.6615
17.5474
17.6045
17.4334
17.1482
17.3193
16.8631
16.6920
16.6920
16.6920
16.8061
16.8631
16.7490
16.9201
20.1708
20.3989
20.5130
20.3419
16.5779
16.5209
16.4068
16.2358
16.2358
16.1217
16.1217
16.0647
16.1217
16.1787
16.2928
16.2928
16.4068
16.1787
15.9506
15.3803
14.5249
14.0116
13.3272
12.8710
16.8631
16.7490
16.7490
16.7490
11.6734
11.5593
11.3312
11.1031
10.9320
11.1031
11.1031
11.2171
11.3312
11.7304
12.3577
12.6429
12.5858
13.3272
13.5553
13.5553
13.1561
12.0726
11.4452
12.4147
12.4718
12.3577
12.1866
11.9585
10.4757
10.3617
9.7343
9.3922
9.3922
9.1640
8.9359
10.3617
11.7304
13.3843
15.0381
15.4373
16.4068
16.2358
16.8631
16.9771
14.9811
13.4413
13.3272
13.0991
12.0726
11.8444
11.6734
11.2171
12.5858
12.2437
11.8444
11.8444
11.5023
11.5023
11.2171
11.9585
13.3272
14.5819
15.7795
16.6350
17.3764
17.8896
18.0607
18.0037
16.7490
15.2662
15.2092
15.0381
12.5858
12.9280
13.4983
12.8710
15.4944
15.8365
16.0076
15.8365
15.7225
15.8936
15.7795
16.2358
16.8061
18.7451
20.0568
19.7716
20.3989
20.6841
20.0568
19.4294
19.0873
18.6310
18.6310
18.5170
15.4373
15.4944
15.6084
15.2092
18.0037
18.0607
17.7756
17.6615
17.4334
17.2623
17.6045
17.8326
18.2318
18.5170
19.8286
20.1708
20.6271
20.6841
20.3989
20.1708
19.8286
18.8591
18.7451
18.8591
18.3459
18.3459
18.3459
18.0037
18.5170
18.5170
18.2318
18.4599
18.2318
18.2318
18.0607
18.2888
18.9162
20.9692
21.3685
21.4825
21.9388
21.8817
22.4520
22.3380
20.6271
19.6005
18.9732
18.8591
18.8021
18.6880
18.4599
18.4599
18.2888
17.7756
17.8326
17.6615
17.3193
16.9201
16.7490
16.9201
18.0607
18.5740
20.4560
21.0833
21.3685
21.4255
21.5966
20.9692
19.3154
18.0037
17.7756
17.7756
18.5740
18.9732
18.7451
18.3459
16.6350
16.3498
16.2358
16.2358
15.9506
16.4639
16.6350
16.5209
17.2623
18.4029
19.4865
20.7411
21.3114
21.0833
21.2544
20.7982
19.6005
18.4029
18.3459
17.9467
17.7185
17.6045
17.1482
16.8631
17.2623
17.3193
17.0912
17.4334
17.5474
17.4904
17.0912
16.8631
17.5474
18.0607
18.9162
19.3154
19.9427
19.8286
20.1138
20.1138
19.4294
19.2013
19.2013
18.9162
18.0037
18.2318
18.1177
17.6045
17.7756
17.5474
16.3498
16.2358
15.8365
15.7225
15.2662
14.7530
14.6959
14.5819
14.1256
13.9546
13.5553
13.4983
13.2132
12.9850
12.9280
12.8710
12.8140
12.6999
18.6880
18.4599
18.2318
18.0607
12.5288
12.4147
12.4718
12.4718
12.2437
12.1296
11.9015
12.1866
13.1561
13.7835
15.2662
15.7795
16.4068
17.3764
17.5474
17.3193
16.4068
14.2967
13.6694
14.0686
12.7569
12.6999
12.6429
12.5288
12.4718
12.1866
12.1866
12.0726
11.7874
11.8444
11.5023
12.1296
13.8405
16.2358
16.9201
17.8326
18.1177
17.9467
18.1177
18.0607
16.8061
14.9811
14.5819
14.4678
13.4983
13.0421
13.3843
12.7569
13.8405
13.8405
13.7264
13.7264
13.2702
13.0991
12.8710
13.1561
14.8670
17.0912
18.4599
19.0873
19.4294
19.7716
19.9427
19.3154
18.3459
16.7490
16.2358
16.0647
14.4108
14.5819
14.3538
14.0686
15.3233
15.2092
14.7530
14.5249
14.0116
13.8975
14.1827
14.7530
16.2928
17.6615
18.9732
20.0568
20.7411
21.1974
20.7982
21.1974
19.2583
17.7756
17.3193
17.2053
16.0076
15.9506
15.9506
15.6655
16.4639
16.4639
15.8365
15.4944
15.4944
14.9811
16.2928
16.5209
17.0342
17.5474
18.8021
20.5130
20.9692
20.6271
20.9692
20.0568
19.1443
18.2888
17.9467
17.4904
17.0342
17.0912
16.9771
16.8061
16.4068
16.1217
15.9506
15.3803
15.3803
15.4373
14.9241
14.6959
15.3233
15.8365
17.0912
18.8021
19.2583
18.9162
19.2583
18.3459
17.4334
16.5779
15.3233
15.2092
17.3193
17.1482
16.6920
16.3498