20100101
20101231
9.40 
9.40 
9.40 
9.40 
9.40 
9.20 
9.20 
9.30 
9.30 
9.30 
9.40 
9.40 
9.40 
9.40 
9.40 
9.40 
9.40 
9.30 
9.30 
9.30 
9.30 
9.30 
9.30 
8.50 
8.50 
8.40 
8.40 
8.30 
8.30 
8.30 
8.30 
8.30 
8.30 
8.30 
8.30 
8.30 
8.30 
8.30 
8.30 
8.30 
8.30 
8.30 
8.30 
8.30 
8.30 
8.30 
8.30 
8.30 
8.30 
8.30 
8.30 
8.30 
8.30 
8.30 
8.30 
8.30 
8.30 
8.30 
8.30 
8.60 
8.60 
8.70 
8.60 
8.50 
8.50 
8.40 
8.40 
8.30 
8.30 
8.30 
8.30 
8.30 
8.30 
8.30 
8.30 
8.30 
8.20 
8.20 
8.20 
8.20 
8.20 
8.30 
8.50 
12.30 
12.60 
12.50 
11.80 
11.70 
11.80 
13.00 
12.90 
12.70 
12.70 
12.90 
13.70 
15.00 
14.50 
13.90 
13.50 
12.80 
14.70 
14.80 
15.30 
13.60 
14.20 
14.30 
14.30 
13.00 
13.60 
13.10 
13.20 
14.70 
13.10 
12.80 
12.60 
12.50 
12.50 
12.60 
12.60 
12.40 
12.00 
11.70 
12.40 
12.10 
12.30 
11.70 
12.50 
12.20 
12.20 
12.20 
12.20 
12.20 
12.20 
11.60 
12.00 
12.00 
11.80 
12.40 
12.10 
11.90 
11.50 
11.60 
11.10 
11.40 
11.60 
11.40 
11.60 
11.40 
10.90 
11.40 
11.80 
11.10 
11.30 
11.00 
11.20 
11.50 
12.20 
11.50 
11.70 
11.60 
11.30 
10.60 
10.60 
10.50 
10.70 
10.50 
10.60 
10.70 
10.70 
11.20 
11.40 
11.50 
11.40 
10.60 
10.60 
10.50 
10.30 
10.40 
10.80 
10.10 
10.40 
10.80 
10.90 
10.90 
11.20 
11.30 
10.70 
10.60 
9.70 
9.40 
9.40 
9.30 
9.40 
9.30 
9.60 
9.70 
9.30 
9.40 
9.30 
9.40 
10.10 
10.00 
10.00 
8.80 
9.90 
10.30 
10.30 
9.60 
10.20 
10.20 
10.50 
10.40 
9.70 
10.10 
10.40 
10.50 
10.70 
11.00 
11.20 
11.20 
11.10 
11.00 
10.80 
11.00 
11.10 
11.00 
10.70 
10.90 
9.80 
10.90 
10.60 
10.80 
10.90 
11.00 
11.50 
12.30 
14.20 
13.80 
12.10 
13.80 
11.30 
11.30 
13.20 
13.60 
12.60 
10.60 
11.60 
12.00 
11.30 
11.90 
11.30 
10.70 
11.90 
11.20 
11.00 
10.80 
11.50 
11.50 
11.50 
11.40 
11.20 
11.10 
11.00 
11.00 
11.00 
11.20 
11.10 
10.80 
11.00 
11.10 
10.90 
11.00 
10.80 
11.60 
11.40 
11.40 
11.20 
11.40 
10.90 
11.90 
11.10 
10.90 
10.80 
10.90 
10.70 
10.30 
10.80 
10.60 
10.80 
11.20 
11.20 
11.10 
10.90 
10.70 
10.70 
10.80 
10.20 
11.00 
10.90 
10.80 
10.80 
11.10 
11.00 
11.70 
11.10 
11.10 
10.60 
10.10 
10.00 
9.90 
9.80 
9.90 
9.80 
10.00 
9.80 
9.10 
10.70 
10.70 
10.10 
9.70 
9.70 
9.80 
9.80 
9.80 
9.80 
10.00 
10.40 
9.80 
10.50 
10.50 
10.40 
10.50 
9.60 
10.20 
10.20 
10.10 
10.00 
9.90 
9.50 
10.50 
10.80 
10.90 
10.80 
10.80 
10.90 
10.80 
10.60 
10.40 
10.00 
9.90 
9.90 
9.80 
9.80 
9.90 
9.90 
10.00 
10.00 
9.90 
9.90 
9.80 
9.80 
9.90 
9.90 
9.80 
9.80 
9.80 
9.90 
10.50 
10.40 
10.40 
10.30 
10.40 
11.00 
11.10 
11.00 
11.40 
11.20 
10.80 
10.60 
10.40 
10.20 
10.20 
9.70 
10.10 
9.80 
10.10 
10.80 
10.70 
10.60 
10.60 
10.60 
10.50 
10.40 
10.60 
10.60 
10.40 
10.20 
10.10 
10.00 
9.30 
9.90 
9.60 
9.60 
9.60 
9.40 
9.40 
9.40 
9.20 
9.20 
9.20 
9.20 
8.90 
9.20 
9.10 
9.10 
9.00 
9.00 
9.30 
9.30 
9.50 
9.50 
9.60 
9.60 
9.20 
9.60 
9.70 
9.70 
9.80 
9.80 
9.70 
9.60 
9.60 
9.60 
9.50 
9.40 
8.80 
8.70 
9.30 
9.40 
8.70 
8.80 
9.20 
9.00 
9.10 
8.90 
9.10 
9.10 
9.40 
9.20 
9.30 
9.70 
9.50 
9.30 
9.20 
9.10 
9.10 
9.00 
9.00 
9.00 
9.10 
9.20 
9.40 
9.00 
9.00 
8.60 
8.60 
8.70 
8.70 
8.70 
8.70 
8.80 
8.80 
9.70 
9.20 
9.10 
9.10 
9.00 
9.20 
9.10 
9.60 
9.60 
9.00 
9.00 
9.00 
9.60 
9.30 
9.30 
9.30 
9.20 
9.00 
9.00 
9.10 
9.00 
9.10 
9.10 
9.00 
9.10 
9.10 
9.00 
9.00 
9.00 
9.00 
9.00 
9.00 
8.90 
8.80 
8.80 
8.80 
8.90 
8.70 
8.80 
8.70 
8.70 
8.80 
8.80 
8.80 
8.70 
8.70 
8.60 
8.70 
8.60 
8.70 
8.60 
8.60 
8.70 
8.70 
8.60 
19.10 
18.90 
19.10 
18.60 
19.00 
19.10 
19.30 
19.10 
19.00 
18.30 
18.50 
18.40 
18.50 
19.30 
19.50 
19.40 
19.30 
19.50 
19.40 
19.90 
19.70 
19.70 
19.80 
19.70 
19.90 
19.80 
19.70 
19.60 
19.70 
19.70 
19.70 
19.70 
19.80 
19.80 
19.60 
19.90 
19.70 
19.90 
19.80 
19.80 
19.80 
19.90 
19.90 
19.80 
19.70 
19.50 
19.80 
19.90 
20.00 
19.90 
20.00 
20.00 
19.90 
20.00 
19.90 
19.80 
19.90 
20.00 
19.90 
19.80 
20.00 
20.00 
20.50 
20.30 
19.90 
20.20 
20.00 
19.80 
19.90 
19.80 
19.60 
19.80 
19.80 
19.80 
19.80 
19.60 
19.50 
19.60 
19.50 
19.70 
19.70 
19.80 
19.70 
19.90 
19.70 
19.80 
19.70 
19.60 
19.70 
19.40 
19.50 
19.40 
19.50 
19.50 
19.50 
19.50 
19.50 
19.50 
19.60 
19.40 
19.40 
19.30 
19.30 
19.40 
19.30 
19.60 
19.30 
19.50 
19.40 
19.40 
19.30 
19.50 
19.30 
19.30 
19.40 
19.30 
19.30 
19.40 
19.40 
19.50 
19.50 
19.60 
19.60 
19.30 
19.30 
19.60 
19.30 
19.70 
20.00 
20.30 
19.60 
20.40 
20.50 
19.60 
19.50 
20.20 
18.70 
18.90 
19.10 
19.50 
19.30 
19.30 
19.50 
19.60 
19.50 
19.50 
19.60 
19.50 
19.30 
19.20 
19.20 
19.40 
19.50 
19.40 
19.40 
19.50 
19.40 
19.30 
19.20 
19.30 
19.10 
19.50 
19.50 
19.40 
19.50 
19.40 
19.50 
19.40 
19.50 
19.60 
19.30 
19.60 
19.50 
19.40 
19.40 
19.40 
19.40 
19.20 
19.40 
19.30 
19.40 
19.10 
18.80 
18.70 
19.20 
19.20 
19.40 
19.20 
19.20 
19.30 
19.40 
19.40 
19.40 
20.00 
19.30 
19.30 
19.20 
19.00 
19.10 
19.40 
19.30 
19.30 
19.20 
19.10 
19.30 
19.00 
18.70 
18.60 
18.30 
18.50 
18.80 
19.30 
19.40 
19.50 
19.20 
19.20 
19.20 
19.40 
19.10 
19.30 
19.30 
19.30 
19.30 
19.20 
19.30 
19.30 
19.00 
19.10 
18.80 
19.10 
19.20 
19.10 
19.20 
19.30 
19.30 
19.10 
19.20 
19.10 
19.30 
19.20 
19.10 
19.20 
19.20 
19.10 
19.00 
19.20 
19.00 
19.10 
19.10 
19.00 
19.10 
19.10 
19.20 
19.10 
19.00 
19.20 
19.10 
16.80 
16.90 
17.00 
17.00 
17.20 
17.30 
17.40 
17.40 
17.50 
17.50 
17.40 
17.70 
17.50 
17.60 
17.50 
17.60 
17.60 
17.50 
17.60 
17.80 
17.90 
17.90 
17.90 
18.00 
18.10 
18.10 
17.90 
18.10 
18.10 
17.90 
18.10 
18.10 
18.10 
18.20 
18.10 
18.30 
18.10 
18.20 
18.30 
18.40 
18.20 
16.60 
18.30 
18.10 
18.10 
18.60 
18.40 
18.60 
18.60 
18.70 
18.80 
18.80 
19.00 
19.00 
19.00 
19.70 
19.10 
19.30 
19.30 
19.50 
19.50 
19.60 
19.70 
19.80 
19.90 
20.10 
20.10 
19.90 
20.00 
20.10 
20.80 
20.80 
19.70 
20.80 
20.90 
20.90 
20.80 
20.80 
21.00 
21.10 
21.10 
21.10 
21.10 
20.90 
20.90 
20.90 
20.60 
20.70 
20.60 
21.00 
20.90 
20.90 
20.90 
20.90 
18.60 
21.10 
21.30 
21.30 
21.40 
21.30 
20.90 
20.90 
20.60 
20.70 
20.60 
20.70 
20.70 
20.60 
20.80 
20.80 
20.70 
20.90 
20.80 
20.80 
20.70 
20.80 
20.60 
20.50 
20.50 
20.50 
20.70 
20.50 
21.80 
21.30 
21.30 
21.40 
21.30 
21.20 
21.20 
21.00 
21.20 
21.10 
20.90 
20.90 
20.90 
20.80 
20.80 
20.70 
20.90 
21.00 
20.80 
20.70 
20.70 
20.70 
20.60 
20.40 
20.50 
20.40 
20.40 
20.30 
20.40 
20.40 
20.50 
20.50 
20.40 
20.40 
20.30 
20.30 
20.30 
20.30 
20.30 
20.20 
19.70 
19.40 
19.20 
19.00 
19.20 
19.30 
19.40 
19.50 
19.70 
19.70 
19.70 
19.80 
20.20 
19.60 
19.70 
19.60 
19.90 
19.90 
20.10 
19.90 
19.90 
20.00 
19.90 
19.50 
19.30 
19.30 
19.20 
18.60 
18.60 
18.40 
18.70 
18.90 
19.00 
19.30 
19.60 
19.70 
19.70 
19.70 
19.60 
19.60 
19.60 
19.80 
19.60 
19.70 
19.80 
19.70 
19.30 
19.40 
18.60 
18.00 
18.20 
17.90 
17.60 
17.70 
18.10 
18.50 
18.90 
19.50 
19.50 
19.50 
19.50 
19.40 
19.40 
19.60 
19.50 
19.30 
19.30 
19.00 
19.10 
19.00 
19.00 
19.00 
18.90 
18.80 
18.90 
17.40 
18.90 
18.90 
18.70 
18.60 
18.50 
18.50 
18.40 
18.30 
18.20 
18.10 
18.00 
18.10 
18.00 
18.00 
17.90 
18.00 
17.90 
18.10 
18.20 
18.50 
18.50 
18.60 
18.50 
18.30 
18.20 
18.10 
18.10 
18.20 
18.00 
18.00 
17.90 
18.10 
17.90 
17.80 
17.80 
17.80 
17.70 
17.80 
17.70 
17.70 
17.90 
17.90 
17.90 
17.80 
17.90 
17.90 
17.90 
17.90 
17.80 
17.90 
17.90 
17.80 
17.30 
17.50 
17.30 
17.50 
17.30 
17.40 
17.60 
17.40 
17.50 
17.50 
17.40 
17.30 
17.40 
17.50 
17.40 
16.00 
17.40 
17.40 
17.40 
17.30 
17.20 
17.10 
17.10 
17.20 
17.20 
17.00 
17.00 
17.00 
17.10 
17.00 
17.10 
17.10 
17.10 
17.10 
17.10 
17.10 
17.10 
17.10 
17.00 
17.10 
17.10 
17.10 
17.20 
17.10 
16.90 
17.00 
16.70 
16.70 
16.70 
16.70 
16.70 
16.70 
16.70 
16.70 
16.80 
16.80 
16.80 
16.80 
16.70 
16.70 
16.80 
16.80 
17.00 
17.00 
17.00 
17.00 
17.00 
16.90 
16.80 
16.80 
16.80 
16.60 
16.50 
16.40 
16.30 
16.30 
16.40 
16.40 
16.50 
16.30 
16.50 
16.50 
16.50 
16.50 
16.50 
16.50 
0.00 
0.00 
16.50 
16.60 
16.60 
16.60 
16.40 
16.30 
16.20 
16.10 
9.10 
8.40 
8.20 
8.00 
8.10 
8.60 
10.00 
9.80 
9.70 
11.20 
11.50 
11.10 
11.00 
10.90 
10.90 
10.70 
10.80 
17.80 
17.60 
17.70 
17.40 
16.90 
16.60 
16.40 
16.30 
8.10 
7.90 
8.10 
8.40 
8.60 
8.70 
8.70 
8.80 
8.80 
8.80 
8.80 
8.80 
8.80 
8.80 
9.00 
16.70 
17.00 
16.70 
16.40 
16.10 
15.70 
15.20 
6.90 
6.90 
8.10 
7.90 
8.10 
8.20 
8.20 
8.30 
8.20 
8.10 
8.10 
8.00 
7.90 
7.90 
7.80 
7.70 
7.70 
7.60 
7.40 
7.30 
7.20 
7.00 
7.00 
6.90 
7.00 
7.00 
7.10 
7.20 
7.20 
7.30 
7.30 
7.30 
7.20 
7.20 
7.30 
7.30 
7.20 
7.20 
7.20 
7.20 
7.20 
7.20 
7.10 
7.00 
6.90 
6.80 
15.10 
10.20 
6.50 
6.60 
6.90 
7.10 
7.50 
7.90 
7.80 
8.00 
8.00 
8.00 
8.00 
7.90 
7.80 
7.70 
7.70 
7.50 
7.70 
7.60 
7.50 
7.40 
7.20 
7.40 
15.20 
8.10 
7.60 
7.90 
8.30 
8.60 
8.80 
8.90 
9.00 
9.00 
9.00 
9.00 
8.90 
8.90 
8.80 
8.80 
8.80 
8.70 
8.70 
8.70 
8.50 
8.50 
8.40 
8.70 
8.80 
8.80 
9.10 
9.40 
9.60 
9.80 
9.80 
9.90 
9.90 
9.90 
9.80 
9.70 
9.70 
9.60 
9.50 
9.50 
9.50 
9.50 
9.50 
9.30 
9.10 
9.00 
9.30 
15.60 
16.50 
10.70 
10.80 
10.90 
11.10 
11.10 
11.20 
11.10 
10.80 
10.70 
10.80 
10.50 
10.60 
10.30 
10.10 
10.00 
9.90 
9.80 
9.70 
9.90 
9.60 
9.40 
10.00 
15.70 
16.00 
10.60 
10.80 
11.20 
11.10 
11.10 
11.10 
11.00 
10.80 
10.70 
10.50 
10.40 
10.30 
10.10 
10.20 
10.30 
10.20 
10.00 
15.60 
15.40 
15.30 
15.20 
14.80 
14.90 
15.20 
15.50 
15.90 
16.20 
16.30 
16.40 
16.40 
16.50 
16.30 
16.30 
16.30 
16.30 
16.10 
16.10 
16.00 
16.00 
16.00 
16.00 
15.90 
15.90 
15.80 
15.60 
15.30 
14.90 
14.60 
14.90 
15.40 
15.40 
15.60 
15.90 
15.80 
15.90 
15.90 
16.00 
15.70 
15.60 
15.40 
15.70 
15.80 
15.30 
15.30 
15.40 
15.40 
15.00 
15.00 
15.00 
15.20 
14.80 
14.90 
15.20 
15.80 
19.30 
18.20 
17.80 
18.00 
17.60 
17.40 
17.30 
17.40 
17.20 
17.10 
17.50 
17.10 
17.70 
17.60 
17.80 
17.60 
16.70 
16.80 
16.60 
17.20 
17.30 
16.80 
16.80 
16.80 
16.70 
17.00 
17.30 
16.80 
17.30 
17.10 
16.80 
17.20 
17.30 
17.20 
17.30 
17.10 
17.20 
17.10 
16.60 
17.10 
16.70 
16.60 
16.50 
16.20 
16.00 
15.90 
16.30 
16.10 
16.30 
16.50 
16.50 
16.60 
16.80 
16.80 
16.60 
16.70 
16.80 
16.60 
16.00 
15.90 
16.10 
16.20 
16.10 
16.00 
15.50 
15.60 
15.40 
15.30 
15.40 
15.40 
15.40 
15.40 
15.50 
15.40 
15.70 
15.80 
16.00 
16.00 
15.90 
16.00 
15.60 
15.10 
15.10 
14.90 
15.00 
14.90 
15.10 
14.80 
14.60 
14.40 
14.40 
14.00 
13.80 
13.80 
14.10 
14.60 
14.80 
15.00 
14.90 
14.90 
15.00 
14.90 
14.80 
14.70 
14.80 
15.20 
14.90 
14.60 
14.50 
14.50 
14.50 
14.30 
14.10 
14.20 
14.10 
14.60 
14.00 
14.30 
14.20 
14.30 
14.60 
14.80 
14.60 
14.60 
14.40 
14.40 
14.30 
14.30 
14.30 
14.10 
14.20 
14.10 
14.20 
14.00 
14.00 
14.10 
13.90 
13.70 
13.60 
13.60 
13.50 
13.50 
13.40 
13.40 
13.60 
13.30 
13.40 
13.40 
13.30 
13.30 
13.40 
13.30 
13.10 
13.40 
13.10 
13.00 
13.00 
13.00 
13.50 
13.10 
13.00 
13.00 
12.90 
13.00 
12.90 
13.10 
13.10 
12.90 
12.90 
13.10 
13.10 
13.00 
12.90 
13.00 
13.00 
13.20 
13.20 
13.20 
13.50 
13.50 
13.60 
13.70 
14.00 
13.80 
13.80 
13.70 
14.10 
13.90 
13.10 
12.70 
11.90 
11.50 
11.30 
11.20 
11.60 
11.70 
11.90 
12.10 
11.90 
12.20 
12.20 
12.30 
12.50 
12.60 
12.70 
12.80 
13.20 
13.20 
13.40 
13.10 
12.60 
11.70 
10.80 
9.70 
8.20 
8.00 
8.90 
9.90 
10.50 
11.20 
11.30 
11.60 
11.60 
11.40 
11.50 
11.50 
11.60 
11.70 
11.80 
11.90 
11.90 
12.20 
11.80 
11.60 
11.20 
10.30 
8.80 
8.20 
8.70 
9.60 
9.80 
10.50 
11.20 
11.60 
11.90 
12.00 
12.00 
12.00 
11.80 
11.90 
11.90 
11.60 
11.50 
11.50 
11.50 
11.40 
11.50 
11.40 
11.40 
10.80 
11.10 
11.40 
11.30 
11.30 
11.10 
11.10 
11.30 
11.10 
11.10 
11.10 
11.30 
11.10 
11.00 
10.70 
10.60 
10.50 
10.60 
9.90 
10.00 
10.20 
10.30 
12.70 
12.70 
12.70 
12.70 
12.70 
12.70 
12.70 
12.70 
12.70 
12.70 
12.70 
12.70 
12.70 
12.70 
12.70 
12.70 
12.70 
12.70 
12.70 
12.70 
12.70 
12.70 
12.70 
12.70 
12.70 
12.70 
12.70 
12.70 
12.70 
12.70 
12.70 
12.70 
12.70 
12.70 
12.70 
12.70 
12.70 
12.70 
12.70 
12.70 
12.70 
12.70 
12.70 
12.70 
12.70 
7.20 
16.10 
13.00 
12.50 
11.30 
12.00 
13.00 
13.40 
12.80 
14.30 
15.50 
15.80 
16.80 
17.20 
19.10 
17.60 
11.90 
13.20 
13.20 
12.10 
12.50 
12.50 
12.50 
12.50 
12.50 
12.50 
12.50 
12.50 
12.50 
15.00 
16.10 
14.30 
15.00 
15.40 
14.30 
15.10 
15.10 
15.10 
15.10 
15.10 
15.10 
15.10 
15.10 
15.10 
15.10 
15.10 
15.10 
15.10 
15.10 
15.10 
15.10 
15.10 
15.10 
15.10 
15.10 
15.10 
15.10 
15.10 
15.10 
15.10 
15.10 
15.10 
15.10 
15.10 
15.10 
15.10 
15.10 
15.10 
15.10 
15.10 
15.10 
15.10 
15.10 
15.10 
15.10 
15.90 
17.20 
18.60 
20.60 
24.50 
21.10 
19.50 
19.00 
18.00 
18.00 
18.00 
18.00 
18.00 
18.00 
18.00 
18.00 
18.00 
18.00 
18.00 
18.00 
18.00 
18.00 
18.00 
18.00 
18.00 
18.00 
18.00 
18.00 
18.00 
18.00 
18.00 
18.10 
19.69 
19.68 
19.67 
19.67 
19.66 
19.65 
19.65 
19.64 
19.63 
19.63 
19.62 
19.61 
19.61 
19.60 
19.59 
19.59 
19.58 
19.57 
19.57 
19.56 
19.55 
19.55 
19.54 
19.54 
19.53 
19.52 
19.52 
19.51 
19.51 
19.50 
19.49 
19.49 
19.48 
19.48 
19.47 
19.47 
19.46 
19.45 
19.45 
19.44 
19.44 
19.43 
19.43 
19.42 
19.42 
19.41 
19.41 
19.40 
19.40 
19.39 
19.39 
19.38 
19.38 
19.37 
19.37 
19.36 
19.36 
19.35 
19.35 
19.34 
19.34 
19.33 
19.33 
19.33 
19.32 
19.32 
19.31 
19.31 
19.30 
19.30 
19.29 
19.29 
19.29 
19.28 
19.28 
19.27 
19.27 
19.27 
19.26 
19.26 
19.26 
19.25 
19.25 
19.24 
19.24 
19.24 
19.23 
19.23 
19.23 
19.22 
19.22 
19.22 
19.21 
19.21 
19.21 
19.20 
19.20 
19.20 
19.19 
19.19 
19.19 
19.18 
19.18 
19.18 
19.18 
19.17 
19.17 
19.17 
19.16 
19.16 
19.16 
19.16 
19.15 
19.15 
19.15 
19.15 
19.14 
19.14 
19.14 
19.14 
19.13 
19.13 
19.13 
19.13 
19.13 
19.12 
19.12 
19.12 
19.12 
19.11 
19.11 
19.11 
19.11 
19.11 
19.11 
19.10 
19.10 
19.10 
19.10 
19.10 
19.10 
19.09 
19.09 
19.09 
19.09 
19.09 
19.09 
19.08 
19.08 
19.08 
19.08 
19.08 
19.08 
19.08 
19.08 
19.07 
19.07 
19.07 
19.07 
19.07 
19.07 
19.07 
19.07 
19.07 
19.07 
19.07 
19.06 
19.06 
19.06 
19.06 
19.06 
19.06 
19.06 
19.06 
19.06 
19.06 
19.06 
19.06 
19.06 
19.06 
19.06 
19.06 
19.06 
19.06 
19.06 
19.06 
19.06 
19.06 
19.06 
19.06 
19.06 
19.06 
19.06 
19.06 
19.06 
19.06 
19.06 
19.06 
19.06 
19.06 
19.06 
19.06 
19.06 
19.06 
19.06 
19.06 
19.06 
19.06 
19.06 
19.06 
19.06 
19.06 
19.06 
19.06 
19.06 
19.06 
19.07 
19.07 
19.07 
19.07 
19.07 
19.07 
19.07 
19.07 
19.07 
19.07 
19.07 
19.08 
19.08 
19.08 
19.08 
19.08 
19.08 
19.08 
19.08 
19.08 
19.09 
19.09 
19.09 
19.09 
19.09 
19.09 
19.09 
19.10 
19.10 
19.10 
19.10 
19.10 
19.10 
19.10 
19.11 
19.11 
19.11 
19.11 
19.11 
19.11 
19.12 
19.12 
19.12 
19.12 
19.12 
19.13 
19.13 
19.13 
19.13 
19.13 
19.14 
19.14 
19.14 
19.14 
19.14 
19.15 
19.15 
19.15 
19.15 
19.16 
19.16 
19.16 
19.16 
19.16 
19.17 
19.17 
19.17 
19.17 
19.18 
19.18 
19.18 
19.18 
19.19 
19.19 
19.19 
19.19 
19.20 
19.20 
19.20 
19.20 
19.21 
19.21 
19.21 
19.22 
19.22 
19.22 
19.22 
19.23 
19.23 
19.23 
19.24 
19.24 
19.24 
19.24 
19.25 
19.25 
19.25 
19.26 
19.26 
19.26 
19.27 
19.27 
19.27 
19.28 
19.28 
19.28 
19.28 
19.29 
19.29 
19.29 
19.30 
19.30 
19.30 
19.31 
19.31 
19.31 
19.32 
19.32 
19.33 
19.33 
19.33 
19.34 
19.34 
19.34 
19.35 
19.35 
19.35 
19.36 
19.36 
19.36 
19.37 
19.37 
19.38 
19.38 
19.38 
19.39 
19.39 
19.39 
19.40 
19.40 
19.41 
19.41 
19.41 
19.42 
19.42 
19.43 
19.43 
19.43 
19.44 
19.44 
19.45 
19.45 
19.45 
19.46 
19.46 
19.47 
19.47 
19.47 
19.48 
19.48 
19.49 
19.49 
19.49 
19.50 
19.50 
19.51 
19.51 
19.52 
19.52 
19.52 
19.53 
19.53 
19.54 
19.54 
19.55 
19.55 
19.56 
19.56 
19.56 
19.57 
19.57 
19.58 
19.58 
19.59 
19.59 
19.60 
19.60 
19.60 
19.61 
19.61 
19.62 
19.62 
19.63 
19.63 
19.64 
19.64 
19.65 
19.65 
19.66 
19.66 
19.66 
19.67 
19.67 
19.68 
19.68 
19.69 
19.69 
19.70 
19.70 
19.71 
19.71 
19.72 
19.72 
19.73 
19.73 
19.74 
19.74 
19.75 
19.75 
19.76 
19.76 
19.77 
19.77 
19.78 
19.78 
19.79 
19.79 
19.80 
19.80 
19.81 
19.81 
19.82 
19.82 
19.83 
19.83 
19.84 
19.84 
19.85 
19.85 
19.86 
19.86 
19.87 
19.87 
19.88 
19.88 
19.89 
19.89 
19.90 
19.90 
19.91 
19.91 
19.92 
19.92 
19.93 
19.93 
19.94 
19.95 
19.95 
19.96 
19.96 
19.97 
19.97 
19.98 
19.98 
19.99 
19.99 
20.00 
20.00 
20.01 
20.01 
20.02 
20.03 
20.03 
20.04 
20.04 
20.05 
20.05 
20.06 
20.06 
20.07 
20.07 
20.08 
20.08 
20.09 
20.10 
20.10 
20.11 
20.11 
20.12 
20.12 
20.13 
20.13 
20.14 
20.14 
20.15 
20.16 
20.16 
20.17 
20.17 
20.18 
20.18 
20.19 
20.19 
20.20 
20.21 
20.21 
20.22 
20.22 
20.23 
20.23 
20.24 
20.24 
20.25 
20.26 
20.26 
20.27 
20.27 
20.28 
20.28 
20.29 
20.29 
20.30 
20.31 
20.31 
20.32 
20.32 
20.33 
20.33 
20.34 
20.34 
20.35 
20.36 
20.36 
20.37 
20.37 
20.38 
20.38 
20.39 
20.39 
20.40 
20.41 
20.41 
20.42 
20.42 
20.43 
20.43 
20.44 
20.45 
20.45 
20.46 
20.46 
20.47 
20.47 
20.48 
20.48 
20.49 
20.50 
20.50 
20.51 
20.51 
20.52 
20.52 
20.53 
20.53 
20.54 
20.55 
20.55 
20.56 
20.56 
20.57 
20.57 
20.58 
20.59 
20.59 
20.60 
20.60 
20.61 
20.61 
20.62 
20.62 
20.63 
20.64 
20.64 
20.65 
20.65 
20.66 
20.66 
20.67 
20.67 
20.68 
20.69 
20.69 
20.70 
20.70 
20.71 
20.71 
20.72 
20.72 
20.73 
20.74 
20.74 
20.75 
20.75 
20.76 
20.76 
20.77 
20.77 
20.78 
20.78 
20.79 
20.80 
20.80 
20.81 
20.81 
20.82 
20.82 
20.83 
20.83 
20.84 
20.84 
20.85 
20.86 
20.86 
20.87 
20.87 
20.88 
20.88 
20.89 
20.89 
20.90 
20.90 
20.91 
20.91 
20.92 
20.93 
20.93 
20.94 
20.94 
20.95 
20.95 
20.96 
20.96 
20.97 
20.97 
20.98 
20.98 
20.99 
20.99 
21.00 
21.00 
21.01 
21.02 
21.02 
21.03 
21.03 
21.04 
21.04 
21.05 
21.05 
21.06 
21.06 
21.07 
21.07 
21.08 
21.08 
21.09 
21.09 
21.10 
21.10 
21.11 
21.11 
21.12 
21.12 
21.13 
21.13 
21.14 
21.14 
21.15 
21.15 
21.16 
21.16 
21.17 
21.17 
21.18 
21.18 
21.19 
21.19 
21.20 
21.20 
21.21 
21.21 
21.22 
21.22 
21.23 
21.23 
21.24 
21.24 
21.25 
21.25 
21.25 
21.26 
21.26 
21.27 
21.27 
21.28 
21.28 
21.29 
21.29 
21.30 
21.30 
21.31 
21.31 
21.32 
21.32 
21.33 
21.33 
21.33 
21.34 
21.34 
21.35 
21.35 
21.36 
21.36 
21.37 
21.37 
21.38 
21.38 
21.38 
21.39 
21.39 
21.40 
21.40 
21.41 
21.41 
21.42 
21.42 
21.42 
21.43 
21.43 
21.44 
21.44 
21.45 
21.45 
21.46 
21.46 
21.46 
21.47 
21.47 
21.48 
21.48 
21.49 
21.49 
21.49 
21.50 
21.50 
21.51 
21.51 
21.52 
23.80 
23.60 
22.80 
21.90 
16.00 
20.60 
20.80 
20.80 
20.80 
21.00 
20.70 
20.40 
17.70 
20.00 
20.50 
20.20 
20.00 
19.90 
19.80 
19.70 
19.40 
19.30 
19.40 
19.10 
19.00 
19.20 
18.70 
18.60 
11.80 
10.80 
10.50 
10.40 
10.30 
10.00 
9.90 
9.60 
9.60 
10.00 
9.70 
9.60 
9.60 
9.10 
8.80 
8.60 
8.50 
8.30 
8.20 
8.10 
8.00 
5.80 
5.70 
5.80 
5.80 
5.80 
5.90 
5.90 
6.10 
6.20 
7.20 
6.90 
7.30 
11.60 
7.10 
6.90 
8.50 
8.40 
13.60 
14.70 
15.50 
15.90 
17.80 
15.70 
15.70 
16.90 
16.80 
16.00 
15.60 
15.50 
16.10 
16.20 
8.90 
6.00 
5.70 
6.00 
5.20 
4.80 
5.70 
6.50 
6.10 
6.70 
12.10 
14.30 
15.00 
15.20 
15.00 
15.30 
15.50 
15.50 
15.30 
15.30 
15.10 
14.90 
15.30 
15.30 
15.30 
15.50 
15.80 
15.90 
15.70 
15.70 
15.90 
16.80 
15.30 
15.30 
15.00 
14.80 
15.00 
14.90 
14.70 
14.60 
14.50 
14.50 
14.40 
14.60 
14.40 
14.20 
14.30 
14.50 
14.30 
14.40 
14.80 
14.50 
14.40 
14.60 
14.70 
14.60 
14.90 
15.20 
15.10 
14.90 
14.80 
15.10 
15.10 
15.00 
15.10 
15.10 
15.20 
14.80 
15.00 
15.10 
13.70 
15.20 
15.20 
15.40 
14.10 
12.40 
6.70 
5.90 
6.80 
6.80 
8.90 
14.00 
15.60 
14.90 
14.50 
14.40 
14.20 
13.90 
14.80 
14.50 
14.10 
14.50 
14.90 
14.50 
14.10 
14.20 
14.00 
14.00 
14.30 
14.70 
14.70 
14.70 
15.20 
15.50 
15.60 
15.30 
15.60 
15.20 
14.60 
14.50 
14.80 
14.50 
14.60 
14.70 
14.60 
14.50 
14.70 
14.50 
14.30 
14.20 
14.40 
14.70 
14.80 
14.80 
14.90 
14.80 
15.10 
15.20 
14.90 
14.80 
14.50 
9.00 
8.60 
8.70 
9.50 
9.60 
10.60 
10.50 
10.40 
10.50 
10.90 
10.60 
10.20 
9.60 
9.90 
9.60 
10.10 
10.70 
10.60 
6.60 
6.20 
6.00 
5.40 
5.30 
6.30 
6.00 
6.10 
12.70 
12.00 
12.20 
8.10 
6.80 
7.30 
7.90 
6.70 
7.10 
5.70 
6.60 
6.40 
5.70 
5.00 
4.60 
3.60 
3.40 
3.70 
4.80 
5.70 
6.60 
6.80 
6.60 
8.60 
9.10 
7.60 
6.70 
7.90 
6.80 
7.20 
6.40 
7.00 
6.50 
6.50 
7.20 
5.80 
5.50 
4.90 
4.80 
4.00 
3.80 
4.00 
5.10 
5.90 
6.90 
7.40 
6.80 
7.10 
6.80 
6.60 
6.50 
6.80 
7.70 
6.50 
6.30 
7.50 
8.70 
8.00 
6.20 
6.30 
5.50 
5.20 
4.80 
3.90 
3.80 
4.80 
5.60 
6.90 
6.60 
7.30 
7.20 
6.40 
6.40 
7.00 
8.10 
7.10 
7.40 
9.40 
10.50 
11.30 
11.20 
9.80 
6.60 
7.40 
7.20 
5.90 
6.10 
5.90 
6.70 
7.10 
8.10 
7.00 
6.90 
8.00 
10.80 
10.80 
11.20 
10.30 
9.30 
9.90 
10.90 
9.10 
8.10 
7.90 
8.80 
7.30 
8.00 
8.30 
7.80 
7.90 
7.20 
7.30 
8.80 
8.30 
6.90 
7.60 
7.60 
7.40 
9.00 
9.60 
10.30 
10.40 
10.50 
10.10 
10.60 
10.80 
9.90 
9.70 
8.70 
8.90 
9.80 
7.30 
7.00 
9.60 
7.60 
9.90 
10.20 
8.00 
7.60 
8.20 
7.60 
8.10 
8.30 
9.50 
9.40 
9.70 
9.70 
7.80 
9.70 
9.60 
10.80 
11.50 
13.70 
11.90 
7.60 
7.70 
8.30 
8.10 
8.50 
7.50 
6.90 
7.00 
7.40 
8.10 
8.30 
10.50 
12.90 
12.40 
13.60 
13.90 
13.30 
13.70 
14.30 
14.00 
13.80 
14.10 
14.00 
14.00 
14.30 
7.40 
8.00 
6.60 
7.90 
7.60 
8.20 
6.50 
7.10 
7.00 
6.80 
7.30 
7.30 
8.20 
8.30 
7.50 
6.90 
6.70 
8.20 
8.90 
7.80 
10.80 
7.80 
9.40 
8.80 
8.70 
7.70 
7.90 
7.60 
7.50 
8.50 
7.30 
9.10 
12.20 
14.00 
14.20 
16.70 
18.40 
18.20 
19.10 
19.40 
19.60 
19.60 
19.10 
18.80 
18.80 
18.40 
18.80 
18.70 
18.40 
18.30 
19.10 
18.30 
18.40 
18.60 
18.30 
18.60 
18.80 
19.50 
18.60 
19.00 
18.90 
18.70 
19.30 
19.40 
18.70 
18.50 
19.00 
19.20 
18.90 
19.30 
18.30 
17.40 
17.90 
14.50 
13.60 
11.00 
10.20 
14.30 
14.70 
14.40 
15.80 
18.80 
17.80 
17.20 
17.10 
17.00 
17.00 
17.20 
17.10 
17.30 
16.70 
17.00 
17.10 
16.70 
17.00 
17.20 
17.50 
17.00 
17.10 
16.90 
17.20 
15.00 
15.90 
18.70 
17.60 
15.60 
9.90 
11.30 
11.50 
11.40 
11.40 
10.50 
10.80 
11.80 
10.10 
11.60 
11.70 
10.50 
10.20 
10.20 
10.20 
10.20 
10.20 
10.20 
10.20 
10.20 
10.20 
10.20 
10.20 
10.20 
10.20 
10.20 
10.20 
10.20 
10.20 
10.20 
10.20 
10.20 
10.20 
10.20 
10.20 
10.20 
10.20 
10.20 
10.20 
10.20 
10.20 
10.20 
10.20 
10.20 
10.20 
10.20 
10.20 
10.20 
10.20 
10.20 
10.30 
10.70 
9.00 
9.00 
7.80 
10.40 
11.70 
9.20 
8.60 
9.70 
10.20 
9.70 
9.30 
7.50 
9.30 
9.20 
9.30 
7.60 
10.50 
7.60 
8.50 
11.90 
10.30 
9.40 
9.90 
9.80 
9.00 
8.90 
9.90 
9.40 
12.20 
9.40 
7.20 
12.70 
6.90 
12.90 
7.40 
10.60 
10.60 
10.60 
10.60 
10.60 
10.60 
10.60 
10.60 
13.70 
13.90 
13.30 
8.80 
8.90 
9.20 
12.00 
12.40 
11.10 
13.30 
12.30 
12.20 
16.00 
13.30 
10.60 
9.60 
9.90 
10.80 
10.80 
10.80 
10.80 
10.80 
11.40 
11.90 
12.20 
14.50 
16.20 
23.40 
23.50 
19.80 
18.50 
15.70 
13.60 
14.90 
15.20 
23.70 
21.90 
22.30 
20.90 
20.20 
20.00 
26.10 
25.70 
20.40 
17.90 
22.40 
20.70 
20.60 
20.80 
23.70 
21.10 
21.80 
21.10 
21.70 
21.90 
24.30 
21.30 
21.60 
21.30 
21.10 
21.20 
22.20 
23.10 
20.70 
20.70 
20.90 
20.00 
15.00 
14.00 
20.00 
21.00 
20.70 
16.00 
16.00 
15.60 
16.10 
15.80 
21.20 
15.90 
16.00 
15.90 
21.10 
16.00 
21.30 
21.10 
21.20 
22.50 
20.50 
20.10 
20.30 
19.80 
14.00 
22.90 
14.70 
14.20 
13.80 
14.10 
19.30 
19.60 
20.00 
19.90 
20.10 
20.20 
19.70 
20.10 
14.70 
20.00 
20.10 
15.20 
16.90 
16.60 
15.70 
18.10 
13.90 
12.30 
9.50 
21.50 
12.20 
11.10 
12.40 
14.50 
14.50 
14.40 
19.00 
16.00 
18.80 
16.70 
14.20 
12.00 
19.30 
18.80 
20.80 
21.10 
20.10 
16.90 
16.90 
16.90 
19.40 
13.10 
13.10 
14.60 
15.30 
15.30 
17.40 
11.70 
12.90 
18.30 
19.50 
19.30 
19.50 
20.10 
19.60 
19.20 
16.00 
16.20 
21.30 
21.80 
21.60 
21.70 
15.40 
15.50 
15.70 
15.30 
19.50 
12.60 
13.00 
14.60 
15.50 
19.30 
15.70 
22.00 
21.80 
22.10 
21.80 
22.30 
22.20 
21.90 
21.70 
21.70 
22.00 
21.40 
21.00 
21.40 
19.40 
13.70 
14.10 
11.70 
7.80 
7.80 
10.20 
12.70 
13.70 
16.00 
14.90 
16.00 
21.10 
16.40 
21.50 
21.50 
21.60 
16.30 
21.10 
21.00 
16.20 
16.30 
21.60 
22.20 
16.30 
20.20 
11.90 
10.20 
7.60 
8.70 
10.70 
11.50 
12.10 
9.90 
19.00 
19.80 
16.10 
21.90 
22.20 
22.00 
21.90 
21.50 
16.40 
21.60 
22.10 
22.10 
21.70 
22.40 
16.10 
19.20 
14.00 
13.10 
12.20 
10.20 
10.80 
13.30 
18.90 
20.90 
22.00 
22.30 
22.10 
22.20 
22.10 
22.20 
22.10 
21.60 
17.40 
21.40 
16.40 
16.50 
21.40 
21.40 
21.50 
21.70 
18.70 
12.30 
12.10 
15.60 
19.40 
20.30 
22.20 
22.20 
16.20 
20.90 
21.40 
20.80 
16.80 
19.70 
20.10 
20.10 
19.60 
20.30 
20.80 
20.90 
20.90 
15.60 
15.90 
21.60 
21.80 
21.80 
21.80 
21.80 
16.20 
22.00 
21.00 
21.00 
20.60 
20.60 
20.50 
20.10 
20.25 
20.24 
20.23 
20.23 
20.22 
20.22 
20.21 
20.20 
20.20 
20.19 
20.18 
20.18 
20.17 
20.17 
20.16 
20.15 
20.15 
20.14 
20.13 
20.13 
20.12 
20.12 
20.11 
20.10 
20.10 
20.09 
20.08 
20.08 
20.07 
20.07 
20.06 
20.05 
20.05 
20.04 
20.03 
20.03 
20.02 
20.01 
20.01 
20.00 
20.00 
19.99 
19.98 
19.98 
19.97 
19.96 
19.96 
19.95 
19.95 
19.94 
19.93 
19.93 
19.92 
19.91 
19.91 
19.90 
19.90 
19.89 
19.88 
19.88 
19.87 
19.86 
19.86 
19.85 
19.85 
19.84 
19.83 
19.83 
19.82 
19.81 
19.81 
19.80 
19.80 
19.79 
19.78 
19.78 
19.77 
19.76 
19.76 
19.75 
19.75 
19.74 
19.73 
19.73 
19.72 
19.71 
19.71 
19.70 
19.70 
19.69 
19.68 
19.68 
19.67 
19.66 
19.66 
19.65 
19.65 
19.64 
19.63 
19.63 
19.62 
19.61 
19.61 
19.60 
19.60 
19.59 
19.58 
19.58 
19.57 
19.56 
19.56 
19.55 
19.55 
19.54 
19.53 
19.53 
19.52 
19.52 
19.51 
19.50 
19.50 
19.49 
19.48 
19.48 
19.47 
19.47 
19.46 
19.45 
19.45 
19.44 
19.44 
19.43 
19.42 
19.42 
19.41 
19.40 
19.40 
19.39 
19.39 
19.38 
19.37 
19.37 
19.36 
19.36 
19.35 
19.34 
19.34 
19.33 
19.33 
19.32 
19.31 
19.31 
19.30 
19.30 
19.29 
19.28 
19.28 
19.27 
19.27 
19.26 
19.25 
19.25 
19.24 
19.24 
19.23 
19.22 
19.22 
19.21 
19.21 
19.20 
19.19 
19.19 
19.18 
19.18 
19.17 
19.16 
19.16 
19.15 
19.15 
19.14 
19.13 
19.13 
19.12 
19.12 
19.11 
19.11 
19.10 
19.09 
19.09 
19.08 
19.08 
19.07 
19.06 
19.06 
19.05 
19.05 
19.04 
19.04 
19.03 
19.02 
19.02 
19.01 
19.01 
19.00 
19.00 
18.99 
18.98 
18.98 
18.97 
18.97 
18.96 
18.96 
18.95 
18.94 
18.94 
18.93 
18.93 
18.92 
18.92 
18.91 
18.90 
18.90 
18.89 
18.89 
18.88 
18.88 
18.87 
18.87 
18.86 
18.85 
18.85 
18.84 
18.84 
18.83 
18.83 
18.82 
18.82 
18.81 
18.80 
18.80 
18.79 
18.79 
18.78 
18.78 
18.77 
18.77 
18.76 
18.76 
18.75 
18.74 
18.74 
18.73 
18.73 
18.72 
18.72 
18.71 
18.71 
18.70 
18.70 
18.69 
18.69 
18.68 
18.68 
18.67 
18.66 
18.66 
18.65 
18.65 
18.64 
18.64 
18.63 
18.63 
18.62 
18.62 
18.61 
18.61 
18.60 
18.60 
18.59 
18.59 
18.58 
18.58 
18.57 
18.57 
18.56 
18.56 
18.55 
18.55 
18.54 
18.54 
18.53 
18.53 
18.52 
18.52 
18.51 
18.51 
18.50 
18.50 
18.49 
18.49 
18.48 
18.48 
18.47 
18.47 
18.46 
18.46 
18.45 
18.45 
18.44 
18.44 
18.43 
18.43 
18.42 
18.42 
18.41 
18.41 
18.40 
18.40 
18.40 
18.39 
18.39 
18.38 
18.38 
18.37 
18.37 
18.36 
18.36 
18.35 
18.35 
18.34 
18.34 
18.34 
18.33 
18.33 
18.32 
18.32 
18.31 
18.31 
18.30 
18.30 
18.30 
18.29 
18.29 
18.28 
18.28 
18.27 
18.27 
18.26 
18.26 
18.26 
18.25 
18.25 
18.24 
18.24 
18.23 
18.23 
18.23 
18.22 
18.22 
18.21 
18.21 
18.21 
18.20 
18.20 
18.19 
18.19 
18.18 
18.18 
18.18 
18.17 
18.17 
18.16 
18.16 
18.16 
18.15 
18.15 
18.14 
18.14 
18.14 
18.13 
18.13 
18.12 
18.12 
18.12 
18.11 
18.11 
18.11 
18.10 
18.10 
18.09 
18.09 
18.09 
18.08 
18.08 
18.08 
18.07 
18.07 
18.06 
18.06 
18.06 
18.05 
18.05 
18.05 
18.04 
18.04 
18.04 
18.03 
18.03 
18.03 
18.02 
18.02 
18.01 
18.01 
18.01 
18.00 
18.00 
18.00 
17.99 
17.99 
17.99 
17.98 
17.98 
17.98 
17.97 
17.97 
17.97 
17.97 
17.96 
17.96 
17.96 
17.95 
17.95 
17.95 
17.94 
17.94 
17.94 
17.93 
17.93 
17.93 
17.93 
17.92 
17.92 
17.92 
17.91 
17.91 
17.91 
17.90 
17.90 
17.90 
17.90 
17.89 
17.89 
17.89 
17.88 
17.88 
17.88 
17.88 
17.87 
17.87 
17.87 
17.87 
17.86 
17.86 
17.86 
17.86 
17.85 
17.85 
17.85 
17.85 
17.84 
17.84 
17.84 
17.84 
17.83 
17.83 
17.83 
17.83 
17.82 
17.82 
17.82 
17.82 
17.82 
17.81 
17.81 
17.81 
17.81 
17.80 
17.80 
17.80 
17.80 
17.80 
17.79 
17.79 
17.79 
17.79 
17.79 
17.78 
17.78 
17.78 
17.78 
17.78 
17.77 
17.77 
17.77 
17.77 
17.77 
17.76 
17.76 
17.76 
17.76 
17.76 
17.76 
17.75 
17.75 
17.75 
17.75 
17.75 
17.75 
17.75 
17.74 
17.74 
17.74 
17.74 
17.74 
17.74 
17.73 
17.73 
17.73 
17.73 
17.73 
17.73 
17.73 
17.73 
17.72 
17.72 
17.72 
17.72 
17.72 
17.72 
17.72 
17.72 
17.71 
17.71 
17.71 
17.71 
17.71 
17.71 
17.71 
17.71 
17.71 
17.71 
17.70 
17.70 
17.70 
17.70 
17.70 
17.70 
17.70 
17.70 
17.70 
17.70 
17.70 
17.70 
17.69 
17.69 
17.69 
17.69 
17.69 
17.69 
17.69 
17.69 
17.69 
17.69 
17.69 
17.69 
17.69 
17.69 
17.69 
17.69 
17.69 
17.69 
17.69 
17.68 
17.68 
17.68 
17.68 
17.68 
17.68 
17.68 
17.68 
17.68 
17.68 
17.68 
17.68 
17.68 
17.68 
17.68 
17.68 
17.68 
17.68 
17.68 
17.68 
17.68 
17.68 
17.68 
17.68 
17.68 
17.68 
17.68 
17.68 
17.68 
17.68 
17.68 
17.68 
17.68 
17.68 
17.68 
17.68 
17.68 
17.68 
17.68 
17.68 
17.68 
17.68 
17.69 
17.69 
17.69 
17.69 
17.69 
17.69 
17.69 
17.69 
17.69 
17.69 
17.69 
17.69 
17.69 
17.69 
17.69 
17.69 
17.69 
17.69 
17.69 
17.69 
17.70 
17.70 
17.70 
17.70 
17.70 
17.70 
17.70 
17.70 
17.70 
17.70 
17.70 
17.70 
17.70 
17.71 
17.71 
17.71 
17.71 
17.71 
17.71 
17.71 
17.71 
17.71 
17.71 
17.72 
17.72 
17.72 
17.72 
17.72 
17.72 
17.72 
17.72 
17.72 
17.73 
17.73 
17.73 
17.73 
17.73 
17.73 
17.73 
17.73 
17.74 
17.74 
17.74 
17.74 
17.74 
17.74 
17.74 
17.75 
17.75 
17.75 
17.75 
17.75 
17.75 
17.75 
17.76 
17.76 
17.76 
17.76 
17.76 
17.76 
17.76 
17.77 
17.77 
17.77 
17.77 
17.77 
17.77 
17.78 
17.78 
17.78 
17.78 
17.78 
17.79 
17.79 
17.79 
17.79 
17.79 
17.79 
17.80 
17.80 
17.80 
17.80 
17.80 
17.81 
17.81 
17.81 
17.81 
17.81 
17.82 
17.82 
17.82 
17.82 
17.82 
17.83 
17.83 
17.83 
17.83 
17.83 
17.84 
17.84 
17.84 
17.84 
17.85 
17.85 
17.85 
17.85 
17.85 
17.86 
17.86 
17.86 
17.86 
17.87 
17.87 
17.87 
17.87 
17.88 
17.88 
17.88 
17.88 
17.88 
17.89 
17.89 
17.89 
17.89 
17.90 
17.90 
17.90 
17.90 
17.91 
17.91 
17.91 
17.91 
17.92 
17.92 
17.92 
17.93 
17.93 
17.93 
17.93 
17.94 
17.94 
17.94 
17.94 
17.95 
17.95 
17.95 
17.96 
17.96 
17.96 
17.96 
17.97 
17.97 
17.97 
17.98 
17.98 
17.98 
17.98 
17.99 
17.99 
17.99 
18.00 
18.00 
18.00 
18.00 
18.01 
18.01 
18.01 
18.02 
18.02 
18.02 
18.03 
18.03 
18.03 
18.03 
18.04 
18.04 
18.04 
18.05 
18.05 
18.05 
18.06 
18.06 
18.06 
18.07 
18.07 
18.07 
18.08 
18.08 
18.08 
18.09 
18.09 
18.09 
18.10 
18.10 
18.10 
18.11 
18.11 
18.11 
18.12 
18.12 
18.12 
18.13 
18.13 
18.13 
18.14 
18.14 
18.14 
18.15 
18.15 
18.15 
18.16 
18.16 
18.17 
18.17 
18.17 
18.18 
18.18 
18.18 
18.19 
18.19 
18.19 
18.20 
18.20 
18.21 
18.21 
18.21 
18.22 
18.22 
18.22 
18.23 
18.23 
18.23 
18.24 
18.24 
18.25 
18.25 
18.25 
18.26 
18.26 
18.27 
18.27 
18.27 
18.28 
18.28 
18.28 
18.29 
18.29 
18.30 
18.30 
18.30 
18.31 
18.31 
18.32 
18.32 
18.32 
18.33 
18.33 
18.34 
18.34 
18.34 
18.35 
18.35 
18.36 
18.36 
18.36 
18.37 
18.37 
18.38 
18.38 
18.39 
18.39 
18.39 
18.40 
18.40 
18.41 
18.41 
18.41 
18.42 
18.42 
18.43 
18.43 
18.44 
18.44 
18.44 
18.45 
18.45 
18.46 
18.46 
18.47 
18.47 
18.47 
18.48 
18.48 
18.49 
18.49 
18.50 
18.50 
18.51 
18.51 
18.51 
18.52 
18.52 
18.53 
18.53 
18.54 
18.54 
18.55 
18.55 
18.55 
18.56 
18.56 
18.57 
18.57 
18.58 
18.58 
18.59 
18.59 
18.60 
18.60 
18.60 
18.61 
18.61 
18.62 
18.62 
18.63 
18.63 
18.64 
18.64 
18.65 
18.65 
18.66 
18.66 
18.67 
18.67 
18.67 
18.68 
18.68 
18.69 
18.69 
18.70 
18.70 
18.71 
18.71 
18.72 
18.72 
18.73 
18.73 
18.74 
18.74 
18.75 
18.75 
18.76 
18.76 
18.77 
18.77 
18.78 
18.78 
18.79 
18.79 
18.80 
18.80 
18.81 
18.81 
18.82 
18.82 
18.83 
18.83 
18.83 
18.84 
18.84 
18.85 
18.85 
18.86 
18.86 
18.87 
18.88 
18.88 
18.89 
18.89 
18.90 
18.90 
18.91 
18.91 
18.92 
18.92 
18.93 
18.93 
18.94 
18.94 
18.95 
18.95 
18.96 
18.96 
18.97 
18.97 
18.98 
18.98 
18.99 
18.99 
19.00 
19.00 
19.01 
19.01 
19.02 
19.02 
19.03 
19.03 
19.04 
19.04 
19.05 
19.06 
19.06 
19.07 
19.07 
19.08 
19.08 
19.09 
19.09 
19.10 
19.10 
19.11 
19.11 
19.12 
19.12 
19.13 
19.14 
19.14 
19.15 
19.15 
19.16 
19.16 
19.17 
19.17 
19.18 
19.18 
19.19 
19.19 
19.20 
19.21 
19.21 
19.22 
19.22 
19.23 
19.23 
19.24 
19.24 
19.25 
19.25 
19.26 
19.27 
19.27 
19.28 
19.28 
19.29 
19.29 
19.30 
19.30 
19.31 
19.32 
19.32 
19.33 
19.33 
19.34 
19.34 
19.35 
19.35 
19.36 
19.37 
19.37 
19.38 
19.38 
19.39 
19.39 
19.40 
19.40 
19.41 
19.42 
19.42 
19.43 
19.43 
19.44 
19.44 
19.45 
19.46 
19.46 
19.47 
19.47 
19.48 
19.48 
19.49 
19.50 
19.50 
19.51 
19.51 
19.52 
19.52 
19.53 
19.54 
19.54 
19.55 
19.55 
19.56 
19.56 
19.57 
19.58 
19.58 
19.59 
19.59 
19.60 
19.60 
19.61 
19.62 
19.62 
19.63 
19.63 
19.64 
19.64 
19.65 
19.66 
19.66 
19.67 
19.67 
19.68 
19.69 
19.69 
19.70 
19.70 
19.71 
19.71 
19.72 
19.73 
19.73 
19.74 
19.74 
19.75 
19.76 
19.76 
19.77 
19.77 
19.78 
19.78 
19.79 
19.80 
19.80 
19.81 
19.81 
19.82 
19.83 
19.83 
19.84 
19.84 
19.85 
19.86 
19.86 
19.87 
19.87 
19.88 
19.89 
19.89 
19.90 
19.90 
19.91 
19.92 
19.92 
19.93 
19.93 
19.94 
19.94 
19.95 
19.96 
19.96 
19.97 
19.97 
19.98 
19.99 
19.99 
20.00 
20.00 
20.01 
20.02 
20.02 
20.03 
20.03 
20.04 
20.05 
20.05 
20.06 
20.07 
20.07 
20.08 
20.08 
20.09 
20.10 
20.10 
20.11 
20.11 
20.12 
20.13 
20.13 
20.14 
20.14 
20.15 
20.16 
20.16 
20.17 
20.17 
20.18 
20.19 
20.19 
20.20 
20.20 
20.21 
20.22 
20.22 
20.23 
20.24 
20.24 
20.25 
20.25 
20.26 
20.27 
20.27 
20.28 
20.28 
20.29 
20.30 
20.30 
20.31 
20.31 
20.32 
20.33 
20.33 
20.34 
20.35 
20.35 
20.36 
20.36 
20.37 
20.38 
20.38 
20.39 
20.39 
20.40 
20.41 
20.41 
20.42 
20.43 
20.43 
20.44 
20.44 
20.45 
20.46 
20.46 
20.47 
20.47 
20.48 
20.49 
20.49 
20.50 
20.51 
20.51 
20.52 
20.52 
20.53 
20.54 
20.54 
20.55 
20.55 
20.56 
20.57 
20.57 
20.58 
20.59 
20.59 
20.60 
20.60 
20.61 
20.62 
20.62 
20.63 
20.64 
20.64 
20.65 
20.65 
20.66 
20.67 
20.67 
20.68 
20.69 
20.69 
20.70 
20.70 
20.71 
20.72 
20.72 
20.73 
20.74 
20.74 
20.75 
20.75 
20.76 
20.77 
20.77 
20.78 
20.78 
20.79 
20.80 
20.80 
20.81 
20.82 
20.82 
20.83 
20.83 
20.84 
20.85 
20.85 
20.86 
20.87 
20.87 
20.88 
20.88 
20.89 
20.90 
20.90 
20.91 
20.92 
20.92 
20.93 
20.93 
20.94 
20.95 
20.95 
20.96 
20.97 
20.97 
20.98 
20.98 
20.99 
21.00 
21.00 
21.01 
21.02 
21.02 
21.03 
21.03 
21.04 
21.05 
21.05 
21.06 
21.07 
21.07 
21.08 
21.08 
21.09 
21.10 
21.10 
21.11 
21.12 
21.12 
21.13 
21.13 
21.14 
21.15 
21.15 
21.16 
21.17 
21.17 
21.18 
21.18 
21.19 
21.20 
21.20 
21.21 
21.22 
21.22 
21.23 
21.23 
21.24 
21.25 
21.25 
21.26 
21.27 
21.27 
21.28 
21.28 
21.29 
21.30 
21.30 
21.31 
21.32 
21.32 
21.33 
21.33 
21.34 
21.35 
21.35 
21.36 
21.37 
21.37 
21.38 
21.38 
21.39 
21.40 
21.40 
21.41 
21.42 
21.42 
21.43 
21.43 
21.44 
21.45 
21.45 
21.46 
21.46 
21.47 
21.48 
21.48 
21.49 
21.50 
21.50 
21.51 
21.51 
21.52 
21.53 
21.53 
21.54 
21.55 
21.55 
21.56 
21.56 
21.57 
21.58 
21.58 
21.59 
21.60 
21.60 
21.61 
21.61 
21.62 
21.63 
21.63 
21.64 
21.64 
21.65 
21.66 
21.66 
21.67 
21.68 
21.68 
21.69 
21.69 
21.70 
21.71 
21.71 
21.72 
21.72 
21.73 
21.74 
21.74 
21.75 
21.76 
21.76 
21.77 
21.77 
21.78 
21.79 
21.79 
21.80 
21.80 
21.81 
21.82 
21.82 
21.83 
21.83 
21.84 
21.85 
21.85 
21.86 
21.87 
21.87 
21.88 
21.88 
21.89 
21.90 
21.90 
21.91 
21.91 
21.92 
21.93 
21.93 
21.94 
21.94 
21.95 
21.96 
21.96 
21.97 
21.97 
21.98 
21.99 
21.99 
22.00 
22.01 
22.01 
22.02 
22.02 
22.03 
22.04 
22.04 
22.05 
22.05 
22.06 
22.07 
22.07 
22.08 
22.08 
22.09 
22.10 
22.10 
22.11 
22.11 
22.12 
22.13 
22.13 
22.14 
22.14 
22.15 
22.16 
22.16 
22.17 
22.17 
22.18 
22.19 
22.19 
22.20 
22.20 
22.21 
22.22 
22.22 
22.23 
22.23 
22.24 
22.24 
22.25 
22.26 
22.26 
22.27 
22.27 
22.28 
22.29 
22.29 
22.30 
22.30 
22.31 
22.32 
22.32 
22.33 
22.33 
22.34 
22.35 
22.35 
22.36 
22.36 
22.37 
22.37 
22.38 
22.39 
22.39 
22.40 
22.40 
22.41 
22.42 
22.42 
22.43 
22.43 
22.44 
22.44 
22.45 
22.46 
22.46 
22.47 
22.47 
22.48 
22.48 
22.49 
22.50 
22.50 
22.51 
22.51 
22.52 
22.53 
22.53 
22.54 
22.54 
22.55 
22.55 
22.56 
22.57 
22.57 
22.58 
22.58 
22.59 
22.59 
22.60 
22.61 
22.61 
22.62 
22.62 
22.63 
22.63 
22.64 
22.64 
22.65 
22.66 
22.66 
22.67 
22.67 
22.68 
22.68 
22.69 
22.70 
22.70 
22.71 
22.71 
22.72 
22.72 
22.73 
22.73 
22.74 
22.75 
22.75 
22.76 
22.76 
22.77 
22.77 
22.78 
22.79 
22.79 
22.80 
22.80 
22.81 
22.81 
22.82 
22.82 
22.83 
22.83 
22.84 
22.85 
22.85 
22.86 
22.86 
22.87 
22.87 
22.88 
22.88 
22.89 
22.89 
22.90 
22.91 
22.91 
22.92 
22.92 
22.93 
22.93 
22.94 
22.94 
22.95 
22.95 
22.96 
22.97 
22.97 
22.98 
22.98 
22.99 
22.99 
23.00 
23.00 
23.01 
23.01 
23.02 
23.02 
23.03 
23.03 
23.04 
23.05 
23.05 
23.06 
23.06 
23.07 
23.07 
23.08 
23.08 
23.09 
23.09 
23.10 
23.10 
23.11 
23.11 
23.12 
23.12 
23.13 
23.13 
23.14 
23.14 
23.15 
23.15 
23.16 
23.17 
23.17 
23.18 
23.18 
23.19 
23.19 
23.20 
23.20 
23.21 
23.21 
23.22 
23.22 
23.23 
23.23 
23.24 
23.24 
23.25 
23.25 
23.26 
23.26 
23.27 
23.27 
23.28 
23.28 
23.29 
23.29 
23.30 
23.30 
23.31 
23.31 
23.32 
23.32 
23.33 
23.33 
23.34 
23.34 
23.35 
23.35 
23.36 
23.36 
23.37 
23.37 
23.38 
23.38 
23.39 
23.39 
23.40 
23.40 
23.41 
23.41 
23.41 
23.42 
23.42 
23.43 
23.43 
23.44 
23.44 
23.45 
23.45 
23.46 
23.46 
23.47 
23.47 
23.48 
23.48 
23.49 
23.49 
23.50 
23.50 
23.51 
23.51 
23.51 
23.52 
23.52 
23.53 
23.53 
23.54 
23.54 
23.55 
23.55 
23.56 
23.56 
23.57 
23.57 
23.57 
23.58 
23.58 
23.59 
23.59 
23.60 
23.60 
23.61 
23.61 
23.62 
23.62 
23.62 
23.63 
23.63 
23.64 
23.64 
23.65 
23.65 
23.66 
23.66 
23.67 
23.67 
23.67 
23.68 
23.68 
23.69 
23.69 
23.70 
23.70 
23.70 
23.71 
23.71 
23.72 
23.72 
23.73 
23.73 
23.73 
23.74 
23.74 
23.75 
23.75 
23.76 
23.76 
23.76 
23.77 
23.77 
23.78 
23.78 
23.79 
23.79 
23.79 
23.80 
23.80 
23.81 
23.81 
23.82 
23.82 
23.82 
23.83 
23.83 
23.84 
23.84 
23.84 
23.85 
23.85 
23.86 
23.86 
23.86 
23.87 
23.87 
23.88 
23.88 
23.88 
23.89 
23.89 
23.90 
23.90 
23.90 
23.91 
23.91 
23.92 
23.92 
23.92 
23.93 
23.93 
23.94 
23.94 
23.94 
23.95 
23.95 
23.95 
23.96 
23.96 
23.97 
23.97 
23.97 
23.98 
23.98 
23.99 
23.99 
23.99 
24.00 
24.00 
24.00 
24.01 
24.01 
24.01 
24.02 
24.02 
24.03 
24.03 
24.03 
24.04 
24.04 
24.04 
24.05 
24.05 
24.06 
24.06 
24.06 
24.07 
24.07 
24.07 
24.08 
24.08 
24.08 
24.09 
24.09 
24.09 
24.10 
24.10 
24.10 
24.11 
24.11 
24.11 
24.12 
24.12 
24.12 
24.13 
24.13 
24.14 
24.14 
24.14 
24.15 
24.15 
24.15 
24.16 
24.16 
24.16 
24.17 
24.17 
24.17 
24.17 
24.18 
24.18 
24.18 
24.19 
24.19 
24.19 
24.20 
24.20 
24.20 
24.21 
24.21 
24.21 
24.22 
24.22 
24.22 
24.23 
24.23 
24.23 
24.24 
24.24 
24.24 
24.24 
24.25 
24.25 
24.25 
24.26 
24.26 
24.26 
24.27 
24.27 
24.27 
24.27 
24.28 
24.28 
24.28 
24.29 
24.29 
24.29 
24.30 
24.30 
24.30 
24.30 
24.31 
24.31 
24.31 
24.32 
24.32 
24.32 
24.32 
24.33 
24.33 
24.33 
24.34 
24.34 
24.34 
24.34 
24.35 
24.35 
24.35 
24.35 
24.36 
24.36 
24.36 
24.37 
24.37 
24.37 
24.37 
24.38 
24.38 
24.38 
24.38 
24.39 
24.39 
24.39 
24.39 
24.40 
24.40 
24.40 
24.40 
24.41 
24.41 
24.41 
24.42 
24.42 
24.42 
24.42 
24.43 
24.43 
24.43 
24.43 
24.43 
24.44 
24.44 
24.44 
24.44 
24.45 
24.45 
24.45 
24.45 
24.46 
24.46 
24.46 
24.46 
24.47 
24.47 
24.47 
24.47 
24.48 
24.48 
24.48 
24.48 
24.48 
24.49 
24.49 
24.49 
24.49 
24.50 
24.50 
24.50 
24.50 
24.51 
24.51 
24.51 
24.51 
24.51 
24.52 
24.52 
24.52 
24.52 
24.52 
24.53 
24.53 
24.53 
24.53 
24.54 
24.54 
24.54 
24.54 
24.54 
24.55 
24.55 
24.55 
24.55 
24.55 
24.56 
24.56 
24.56 
24.56 
24.56 
24.57 
24.57 
24.57 
24.57 
24.57 
24.58 
24.58 
24.58 
24.58 
24.58 
24.58 
24.59 
24.59 
24.59 
24.59 
24.59 
24.60 
24.60 
24.60 
24.60 
24.60 
24.61 
24.61 
24.61 
24.61 
24.61 
24.61 
24.62 
24.62 
24.62 
24.62 
24.62 
24.62 
24.63 
24.63 
24.63 
24.63 
24.63 
24.63 
24.64 
24.64 
24.64 
24.64 
24.64 
24.64 
24.65 
24.65 
24.65 
24.65 
24.65 
24.65 
24.66 
24.66 
24.66 
24.66 
24.66 
24.66 
24.66 
24.67 
24.67 
24.67 
24.67 
24.67 
24.67 
24.68 
24.68 
24.68 
24.68 
24.68 
24.68 
24.68 
24.69 
24.69 
24.69 
24.69 
24.69 
24.69 
24.69 
24.70 
24.70 
24.70 
24.70 
24.70 
24.70 
24.70 
24.70 
24.71 
24.71 
24.71 
24.71 
24.71 
24.71 
24.71 
24.71 
24.72 
24.72 
24.72 
24.72 
24.72 
24.72 
24.72 
24.72 
24.73 
24.73 
24.73 
24.73 
24.73 
24.73 
24.73 
24.73 
24.73 
24.74 
24.74 
24.74 
24.74 
24.74 
24.74 
24.74 
24.74 
24.74 
24.75 
24.75 
24.75 
24.75 
24.75 
24.75 
24.75 
24.75 
24.75 
24.75 
24.76 
24.76 
24.76 
24.76 
24.76 
24.76 
24.76 
24.76 
24.76 
24.76 
24.76 
24.77 
24.77 
24.77 
24.77 
24.77 
24.77 
24.77 
24.77 
24.77 
24.77 
24.77 
24.78 
24.78 
24.78 
24.78 
24.78 
24.78 
24.78 
24.78 
24.78 
24.78 
24.78 
24.78 
24.78 
24.79 
24.79 
24.79 
24.79 
24.79 
24.79 
24.79 
24.79 
24.79 
24.79 
24.79 
24.79 
24.79 
24.79 
24.79 
24.80 
24.80 
24.80 
24.80 
24.80 
24.80 
24.80 
24.80 
24.80 
24.80 
24.80 
24.80 
24.80 
24.80 
24.80 
24.80 
24.80 
24.80 
24.81 
24.81 
24.81 
24.81 
24.81 
24.81 
24.81 
24.81 
24.81 
24.81 
24.81 
24.81 
24.81 
24.81 
24.81 
24.81 
24.81 
24.81 
24.81 
24.81 
24.81 
24.81 
24.81 
24.81 
24.81 
24.82 
24.82 
24.82 
24.82 
24.82 
24.82 
24.82 
24.82 
24.82 
24.82 
24.82 
24.82 
24.82 
24.82 
24.82 
24.82 
24.82 
24.82 
24.82 
24.82 
24.82 
24.82 
24.82 
24.82 
24.82 
24.82 
24.82 
24.82 
24.82 
24.82 
24.82 
24.82 
24.82 
24.82 
24.82 
24.82 
24.82 
24.82 
24.82 
24.82 
24.82 
24.82 
24.82 
24.82 
24.82 
24.82 
24.82 
24.82 
24.82 
24.82 
24.82 
24.82 
24.82 
24.82 
24.82 
24.82 
24.82 
24.82 
24.82 
24.82 
24.82 
24.82 
24.82 
24.82 
24.82 
24.82 
24.82 
24.82 
24.82 
24.82 
24.82 
24.82 
24.82 
24.82 
24.82 
24.82 
24.82 
24.82 
24.82 
24.82 
24.82 
24.82 
24.82 
24.82 
24.82 
24.82 
24.82 
24.82 
24.82 
24.82 
24.82 
24.82 
24.82 
24.82 
24.82 
24.82 
24.82 
24.82 
24.82 
24.82 
24.82 
24.82 
24.81 
24.81 
24.81 
24.81 
24.81 
24.81 
24.81 
24.81 
24.81 
24.81 
24.81 
24.81 
24.81 
24.81 
24.81 
24.81 
24.81 
24.81 
24.81 
24.81 
24.81 
24.81 
24.81 
24.81 
24.81 
24.80 
24.80 
24.80 
24.80 
24.80 
24.80 
24.80 
24.80 
24.80 
24.80 
24.80 
24.80 
24.80 
24.80 
24.80 
24.80 
24.80 
24.80 
24.80 
24.79 
24.79 
24.79 
24.79 
24.79 
24.79 
24.79 
24.79 
24.79 
24.79 
24.79 
24.79 
24.79 
24.79 
24.79 
24.79 
24.78 
24.78 
24.78 
24.78 
24.78 
24.78 
24.78 
24.78 
24.78 
24.78 
24.78 
24.78 
24.78 
24.78 
24.78 
24.77 
24.77 
24.77 
24.77 
24.77 
24.77 
24.77 
24.77 
24.77 
24.77 
24.77 
24.77 
24.76 
24.76 
24.76 
24.76 
24.76 
24.76 
24.76 
24.76 
24.76 
24.76 
24.76 
24.76 
24.75 
24.75 
24.75 
24.75 
24.75 
24.75 
24.75 
24.75 
24.75 
24.75 
24.75 
24.74 
24.74 
24.74 
24.74 
24.74 
24.74 
24.74 
24.74 
24.74 
24.74 
24.74 
24.73 
24.73 
24.73 
24.73 
24.73 
24.73 
24.73 
24.73 
24.73 
24.72 
24.72 
24.72 
24.72 
24.72 
24.72 
24.72 
24.72 
24.72 
24.72 
24.71 
24.71 
24.71 
24.71 
24.71 
24.71 
24.71 
24.71 
24.71 
24.70 
24.70 
24.70 
24.70 
24.70 
24.70 
24.70 
24.70 
24.70 
24.69 
24.69 
24.69 
24.69 
24.69 
24.69 
24.69 
24.69 
24.68 
24.68 
24.68 
24.68 
24.68 
24.68 
24.68 
24.68 
24.67 
24.67 
24.67 
24.67 
24.67 
24.67 
24.67 
24.67 
24.66 
24.66 
24.66 
24.66 
24.66 
24.66 
24.66 
24.65 
24.65 
24.65 
24.65 
24.65 
24.65 
24.65 
24.65 
24.64 
24.64 
24.64 
24.64 
24.64 
24.64 
24.64 
24.63 
24.63 
24.63 
24.63 
24.63 
24.63 
24.63 
24.62 
24.62 
24.62 
24.62 
24.62 
24.62 
24.62 
24.61 
24.61 
24.61 
24.61 
24.61 
24.61 
24.60 
24.60 
24.60 
24.60 
24.60 
24.60 
24.60 
24.59 
24.59 
24.59 
24.59 
24.59 
24.59 
24.58 
24.58 
24.58 
24.58 
24.58 
24.58 
24.57 
24.57 
24.57 
24.57 
24.57 
24.57 
24.56 
24.56 
24.56 
24.56 
24.56 
24.56 
24.55 
24.55 
24.55 
24.55 
24.55 
24.55 
24.54 
24.54 
24.54 
24.54 
24.54 
24.54 
24.53 
24.53 
24.53 
24.53 
24.53 
24.52 
24.52 
24.52 
24.52 
24.52 
24.51 
24.51 
24.51 
24.51 
24.51 
24.51 
24.50 
24.50 
24.50 
24.50 
24.50 
24.49 
24.49 
24.49 
24.49 
24.49 
24.48 
24.48 
24.48 
24.48 
24.48 
24.47 
24.47 
24.47 
24.47 
24.47 
24.46 
24.46 
24.46 
24.46 
24.45 
24.45 
24.45 
24.45 
24.45 
24.44 
24.44 
24.44 
24.44 
24.44 
24.43 
24.43 
24.43 
24.43 
24.42 
24.42 
24.42 
24.42 
24.41 
24.41 
24.41 
24.41 
24.41 
24.40 
24.40 
24.40 
24.40 
24.39 
24.39 
24.39 
24.39 
24.38 
24.38 
24.38 
24.38 
24.37 
24.37 
24.37 
24.37 
24.36 
24.36 
24.36 
24.36 
24.35 
24.35 
24.35 
24.35 
24.34 
24.34 
24.34 
24.34 
24.33 
24.33 
24.33 
24.33 
24.32 
24.32 
24.32 
24.32 
24.31 
24.31 
24.31 
24.31 
24.30 
24.30 
24.30 
24.29 
24.29 
24.29 
24.29 
24.28 
24.28 
24.28 
24.27 
24.27 
24.27 
24.27 
24.26 
24.26 
24.26 
24.25 
24.25 
24.25 
24.25 
24.24 
24.24 
24.24 
24.23 
24.23 
24.23 
24.23 
24.22 
24.22 
24.22 
24.21 
24.21 
24.21 
24.20 
24.20 
24.20 
24.19 
24.19 
24.19 
24.19 
24.18 
24.18 
24.18 
24.17 
24.17 
24.17 
24.16 
24.16 
24.16 
24.15 
24.15 
24.15 
24.14 
24.14 
24.14 
24.13 
24.13 
24.13 
24.12 
24.12 
24.12 
24.11 
24.11 
24.11 
24.10 
24.10 
24.10 
24.09 
24.09 
24.09 
24.08 
24.08 
24.07 
24.07 
24.07 
24.06 
24.06 
24.06 
24.05 
24.05 
24.05 
24.04 
24.04 
24.03 
24.03 
24.03 
24.02 
24.02 
24.02 
24.01 
24.01 
24.01 
24.00 
24.00 
23.99 
23.99 
23.99 
23.98 
23.98 
23.97 
23.97 
23.97 
23.96 
23.96 
23.95 
23.95 
23.95 
23.94 
23.94 
23.93 
23.93 
23.93 
23.92 
23.92 
23.91 
23.91 
23.91 
23.90 
23.90 
23.89 
23.89 
23.89 
23.88 
23.88 
23.87 
23.87 
23.86 
23.86 
23.86 
23.85 
23.85 
23.84 
23.84 
23.83 
23.83 
23.83 
23.82 
23.82 
23.81 
23.81 
23.80 
23.80 
23.79 
23.79 
23.79 
23.78 
23.78 
23.77 
23.77 
23.76 
23.76 
23.75 
23.75 
23.74 
23.74 
23.73 
23.73 
23.73 
23.72 
23.72 
23.71 
23.71 
23.70 
23.70 
23.69 
23.69 
23.68 
23.68 
23.67 
23.67 
23.66 
23.66 
23.65 
23.65 
23.64 
23.64 
23.63 
23.63 
23.62 
23.62 
23.61 
23.61 
23.60 
23.60 
23.59 
23.59 
23.58 
23.58 
23.57 
23.57 
23.56 
23.56 
23.55 
23.55 
23.54 
23.54 
23.53 
23.53 
23.52 
23.51 
23.51 
23.50 
23.50 
23.49 
23.49 
23.48 
23.48 
23.47 
23.47 
23.46 
23.45 
23.45 
23.44 
23.44 
23.43 
23.43 
23.42 
23.42 
23.41 
23.40 
23.40 
23.39 
23.39 
23.38 
23.38 
23.37 
23.36 
23.36 
23.35 
23.35 
23.34 
23.33 
23.33 
23.32 
23.32 
23.31 
23.31 
23.30 
23.29 
23.29 
23.28 
23.28 
23.27 
23.26 
23.26 
23.25 
23.24 
23.24 
23.23 
23.23 
23.22 
23.21 
23.21 
23.20 
23.20 
23.19 
23.18 
23.18 
23.17 
23.16 
23.16 
23.15 
23.14 
23.14 
23.13 
23.12 
23.12 
23.11 
23.11 
23.10 
23.09 
23.09 
23.08 
23.07 
23.07 
23.06 
23.05 
23.05 
23.04 
23.03 
23.03 
23.02 
23.01 
23.01 
23.00 
22.99 
22.98 
22.98 
22.97 
22.96 
22.96 
22.95 
22.94 
22.94 
22.93 
22.92 
22.92 
22.91 
22.90 
22.89 
22.89 
22.88 
22.87 
22.87 
22.86 
22.85 
22.84 
22.84 
22.83 
22.82 
22.81 
22.81 
22.80 
22.79 
22.79 
22.78 
22.77 
22.76 
22.76 
22.75 
22.74 
22.73 
22.73 
22.72 
22.71 
22.70 
22.70 
22.69 
22.68 
22.67 
22.66 
22.66 
22.65 
22.64 
22.63 
22.63 
22.62 
22.61 
22.60 
22.59 
22.59 
22.58 
22.57 
22.56 
22.55 
22.55 
22.54 
22.53 
22.52 
22.51 
22.51 
22.50 
22.49 
22.48 
22.47 
22.47 
22.46 
22.45 
22.44 
22.43 
22.42 
22.42 
22.41 
22.40 
22.39 
22.38 
22.37 
22.37 
22.36 
22.35 
22.34 
22.33 
22.32 
22.31 
22.31 
22.30 
22.29 
22.28 
22.27 
22.26 
22.25 
22.25 
22.24 
22.23 
22.22 
22.21 
22.20 
22.19 
22.18 
22.17 
22.17 
22.16 
22.15 
22.14 
22.13 
22.12 
22.11 
22.10 
22.09 
22.08 
22.08 
22.07 
22.06 
22.05 
22.04 
22.03 
22.02 
22.01 
22.00 
21.99 
21.98 
21.97 
21.96 
21.95 
21.94 
21.94 
21.93 
21.92 
21.91 
21.90 
21.89 
21.88 
21.87 
21.86 
21.85 
21.84 
21.83 
21.82 
21.81 
21.80 
21.79 
21.78 
21.77 
21.76 
21.75 
21.74 
21.73 
21.72 
21.71 
21.70 
21.69 
21.68 
21.67 
21.66 
21.65 
21.64 
21.63 
21.62 
21.61 
21.60 
21.59 
21.58 
21.57 
21.56 
21.55 
21.54 
21.53 
21.52 
21.51 
21.50 
21.49 
21.47 
21.46 
21.45 
21.44 
21.43 
21.42 
21.41 
21.40 
21.39 
21.38 
21.37 
21.36 
21.35 
21.34 
21.32 
21.31 
21.30 
21.29 
21.28 
21.27 
21.26 
21.25 
21.24 
21.23 
21.21 
21.20 
21.19 
21.18 
21.17 
21.16 
21.15 
21.14 
21.12 
21.11 
21.10 
21.09 
21.08 
21.07 
21.06 
21.04 
21.03 
21.02 
21.01 
21.00 
20.99 
20.98 
20.96 
20.95 
20.94 
20.93 
20.92 
20.90 
20.89 
20.88 
20.87 
20.86 
20.85 
20.83 
20.82 
20.81 
20.80 
20.79 
20.77 
20.76 
20.75 
20.74 
20.73 
20.71 
20.70 
20.69 
20.68 
20.66 
20.65 
20.64 
20.63 
20.61 
20.60 
20.59 
20.58 
20.56 
20.55 
20.54 
20.53 
20.51 
20.50 
20.49 
20.48 
20.46 
20.45 
20.44 
20.43 
20.41 
20.40 
20.39 
20.37 
20.36 
20.35 
20.34 
20.32 
20.31 
20.30 
20.28 
20.27 
20.26 
20.24 
20.23 
20.22 
20.20 
20.19 
20.18 
20.16 
20.15 
20.14 
20.12 
20.11 
20.10 
20.08 
20.07 
20.06 
20.04 
20.03 
20.02 
20.00 
19.99 
19.98 
19.96 
19.95 
19.93 
19.92 
19.91 
19.89 
19.88 
19.87 
19.85 
19.84 
19.82 
19.81 
19.80 
19.78 
19.77 
19.76 
19.74 
19.73 
19.71 
19.70 
19.68 
19.67 
19.66 
19.64 
19.63 
19.61 
19.60 
19.59 
19.57 
19.56 
19.54 
19.53 
19.51 
19.50 
19.49 
19.47 
19.46 
19.44 
19.43 
19.41 
19.40 
19.38 
19.37 
19.36 
19.34 
19.33 
19.31 
19.30 
19.28 
19.27 
19.25 
19.24 
19.22 
19.21 
19.19 
19.18 
19.17 
19.15 
19.14 
19.12 
19.11 
19.09 
19.08 
19.06 
19.05 
19.03 
19.02 
19.00 
18.99 
18.97 
18.96 
18.94 
18.93 
18.91 
18.90 
18.88 
18.87 
18.85 
18.84 
18.82 
18.81 
18.79 
18.78 
18.76 
18.75 
18.73 
18.72 
18.70 
18.69 
18.67 
18.65 
18.64 
18.62 
18.61 
18.59 
18.58 
18.56 
18.55 
18.53 
18.52 
18.50 
18.49 
18.47 
18.46 
18.44 
18.42 
18.41 
18.39 
18.38 
18.36 
18.35 
18.33 
18.32 
18.30 
18.28 
18.27 
18.25 
18.24 
18.22 
18.21 
18.19 
18.18 
18.16 
18.14 
18.13 
18.11 
18.10 
18.08 
18.07 
18.05 
18.04 
18.02 
18.00 
17.99 
17.97 
17.96 
17.94 
17.93 
17.91 
17.89 
17.88 
17.86 
17.85 
17.83 
17.81 
17.80 
17.78 
17.77 
17.75 
17.74 
17.72 
17.70 
17.69 
17.67 
17.66 
17.64 
17.62 
17.61 
17.59 
17.58 
17.56 
17.55 
17.53 
17.51 
17.50 
17.48 
17.47 
17.45 
17.43 
17.42 
17.40 
17.39 
17.37 
17.35 
17.34 
17.32 
17.31 
17.29 
17.27 
17.26 
17.24 
17.23 
17.21 
17.19 
17.18 
17.16 
17.15 
17.13 
17.11 
17.10 
17.08 
17.07 
17.05 
17.03 
17.02 
17.00 
16.99 
16.97 
16.95 
16.94 
16.92 
16.91 
16.89 
16.87 
16.86 
16.84 
16.83 
16.81 
16.79 
16.78 
16.76 
16.75 
16.73 
16.71 
16.70 
16.68 
16.67 
16.65 
16.63 
16.62 
16.60 
16.59 
16.57 
16.55 
16.54 
16.52 
16.51 
16.49 
16.47 
16.46 
16.44 
16.43 
16.41 
16.39 
16.38 
16.36 
16.35 
16.33 
16.31 
16.30 
16.28 
16.27 
16.25 
16.23 
16.22 
16.20 
16.19 
16.17 
16.15 
16.14 
16.12 
16.11 
16.09 
16.07 
16.06 
16.04 
16.03 
16.01 
15.99 
15.98 
15.96 
15.95 
15.93 
15.92 
15.90 
15.88 
15.87 
15.85 
15.84 
15.82 
15.80 
15.79 
15.77 
15.76 
15.74 
15.73 
15.71 
15.69 
15.68 
15.66 
15.65 
15.63 
15.62 
15.60 
15.58 
15.57 
15.55 
15.54 
15.52 
15.51 
15.49 
15.47 
15.46 
15.44 
15.43 
15.41 
15.40 
15.38 
15.36 
15.35 
15.33 
15.32 
15.30 
15.29 
15.27 
15.26 
15.24 
15.22 
15.21 
15.19 
15.18 
15.16 
15.15 
15.13 
15.12 
15.10 
15.09 
15.07 
15.06 
15.04 
15.02 
15.01 
14.99 
14.98 
14.96 
14.95 
14.93 
14.92 
14.90 
14.89 
14.87 
14.86 
14.84 
14.83 
14.81 
14.80 
14.78 
14.77 
14.75 
14.73 
14.72 
14.70 
14.69 
14.67 
14.66 
14.64 
14.63 
14.61 
14.60 
14.58 
14.57 
14.55 
14.54 
14.53 
14.51 
14.50 
14.48 
14.47 
14.45 
14.44 
14.42 
14.41 
14.39 
14.38 
14.36 
14.35 
14.33 
14.32 
14.30 
14.29 
14.27 
14.26 
14.25 
14.23 
14.22 
14.20 
14.19 
14.17 
14.16 
14.14 
14.13 
14.11 
14.10 
14.09 
14.07 
14.06 
14.04 
14.03 
14.01 
14.00 
13.99 
13.97 
13.96 
13.94 
13.93 
13.91 
13.90 
13.89 
13.87 
13.86 
13.84 
13.83 
13.82 
13.80 
13.79 
13.77 
13.76 
13.75 
13.73 
13.72 
13.71 
13.69 
13.68 
13.66 
13.65 
13.64 
13.62 
13.61 
13.60 
13.58 
13.57 
13.55 
13.54 
13.53 
13.51 
13.50 
13.49 
13.47 
13.46 
13.45 
13.43 
13.42 
13.41 
13.39 
13.38 
13.37 
13.35 
13.34 
13.33 
13.31 
13.30 
13.29 
13.27 
13.26 
13.25 
13.24 
13.22 
13.21 
13.20 
13.18 
13.17 
13.16 
13.15 
13.13 
13.12 
13.11 
13.09 
13.08 
13.07 
13.06 
13.04 
13.03 
13.02 
13.01 
12.99 
12.98 
12.97 
12.96 
12.94 
12.93 
12.92 
12.91 
12.89 
12.88 
12.87 
12.86 
12.85 
12.83 
12.82 
12.81 
12.80 
12.79 
12.77 
12.76 
12.75 
12.74 
12.73 
12.71 
12.70 
12.69 
12.68 
12.67 
12.66 
12.64 
12.63 
12.62 
12.61 
12.60 
12.59 
12.57 
12.56 
12.55 
12.54 
12.53 
12.52 
12.51 
12.50 
12.48 
12.47 
12.46 
12.45 
12.44 
12.43 
12.42 
12.41 
12.40 
12.39 
12.37 
12.36 
12.35 
12.34 
12.33 
12.32 
12.31 
12.30 
12.29 
12.28 
12.27 
12.26 
12.25 
12.24 
12.23 
12.22 
12.21 
12.19 
12.18 
12.17 
12.16 
12.15 
12.14 
12.13 
12.12 
12.11 
12.10 
12.09 
12.08 
12.07 
12.06 
12.05 
12.04 
12.04 
12.03 
12.02 
12.01 
12.00 
11.99 
11.98 
11.97 
11.96 
11.95 
11.94 
11.93 
11.92 
11.91 
11.90 
11.89 
11.89 
11.88 
11.87 
11.86 
11.85 
11.84 
11.83 
11.82 
11.81 
11.81 
11.80 
11.79 
11.78 
11.77 
11.76 
11.75 
11.74 
11.74 
11.73 
11.72 
11.71 
11.70 
11.70 
11.69 
11.68 
11.67 
11.66 
11.65 
11.65 
11.64 
11.63 
11.62 
11.62 
11.61 
11.60 
11.59 
11.58 
11.58 
11.57 
11.56 
11.55 
11.55 
11.54 
11.53 
11.53 
11.52 
11.51 
11.50 
11.50 
11.49 
11.48 
11.48 
11.47 
11.46 
11.45 
11.45 
11.44 
11.43 
11.43 
11.42 
11.41 
11.41 
11.40 
11.40 
11.39 
11.38 
11.38 
11.37 
11.36 
11.36 
11.35 
11.35 
11.34 
11.33 
11.33 
11.32 
11.32 
11.31 
11.30 
11.30 
11.29 
11.29 
11.28 
11.28 
11.27 
11.27 
11.26 
11.25 
11.25 
11.24 
11.24 
11.23 
11.23 
11.22 
11.22 
11.21 
11.21 
11.20 
11.20 
11.19 
11.19 
11.19 
11.18 
11.18 
11.17 
11.17 
11.16 
11.16 
11.15 
11.15 
11.15 
11.14 
11.14 
11.13 
11.13 
11.13 
11.12 
11.12 
11.11 
11.11 
11.11 
11.10 
11.10 
11.10 
11.09 
11.09 
11.09 
11.08 
11.08 
11.08 
11.07 
11.07 
11.07 
11.06 
11.06 
11.06 
11.06 
11.05 
11.05 
11.05 
11.05 
11.04 
11.04 
11.04 
11.04 
11.03 
11.03 
11.03 
11.03 
11.02 
11.02 
11.02 
11.02 
11.02 
11.01 
11.01 
11.01 
11.01 
11.01 
11.01 
11.01 
11.00 
11.00 
11.00 
11.00 
11.00 
11.00 
11.00 
10.99 
10.99 
10.99 
10.99 
10.99 
10.99 
10.99 
10.99 
10.99 
10.99 
10.99 
10.99 
10.99 
10.99 
10.98 
10.98 
10.98 
10.98 
10.98 
10.98 
10.98 
10.98 
10.98 
10.98 
10.98 
10.98 
10.98 
10.98 
10.98 
10.98 
10.98 
10.99 
10.99 
10.99 
10.99 
10.99 
10.99 
10.99 
10.99 
10.99 
10.99 
10.99 
10.99 
10.99 
11.00 
11.00 
11.00 
11.00 
11.00 
11.00 
11.00 
11.00 
11.00 
11.01 
11.01 
11.01 
11.01 
11.01 
11.01 
11.02 
11.02 
11.02 
11.02 
11.02 
11.02 
11.03 
11.03 
11.03 
11.03 
11.03 
11.04 
11.04 
11.04 
11.04 
11.05 
11.05 
11.05 
11.05 
11.06 
11.06 
11.06 
11.06 
11.07 
11.07 
11.07 
11.07 
11.08 
11.08 
11.08 
11.09 
11.09 
11.09 
11.09 
11.10 
11.10 
11.10 
11.11 
11.11 
11.11 
11.12 
11.12 
11.12 
11.13 
11.13 
11.13 
11.14 
11.14 
11.14 
11.15 
11.15 
11.15 
11.16 
11.16 
11.17 
11.17 
11.17 
11.18 
11.18 
11.19 
11.19 
11.19 
11.20 
11.20 
11.21 
11.21 
11.21 
11.22 
11.22 
11.23 
11.23 
11.23 
11.24 
11.24 
11.25 
11.25 
11.26 
11.26 
11.27 
11.27 
11.28 
11.28 
11.28 
11.29 
11.29 
11.30 
11.30 
11.31 
11.31 
11.32 
11.32 
11.33 
11.33 
11.34 
11.34 
11.35 
11.35 
11.36 
11.36 
11.37 
11.37 
11.38 
11.38 
11.39 
11.40 
11.40 
11.41 
11.41 
11.42 
11.42 
11.43 
11.43 
11.44 
11.44 
11.45 
11.46 
11.46 
11.47 
11.47 
11.48 
11.48 
11.49 
11.50 
11.50 
11.51 
11.51 
11.52 
11.53 
11.53 
11.54 
11.54 
11.55 
11.56 
11.56 
11.57 
11.57 
11.58 
11.59 
11.59 
11.60 
11.60 
11.61 
11.62 
11.62 
11.63 
11.64 
11.64 
11.65 
11.65 
11.66 
11.67 
11.67 
11.68 
11.69 
11.69 
11.70 
11.71 
11.71 
11.72 
11.73 
11.73 
11.74 
11.75 
11.75 
11.76 
11.77 
11.77 
11.78 
11.79 
11.79 
11.80 
11.81 
11.81 
11.82 
11.83 
11.83 
11.84 
11.85 
11.86 
11.86 
11.87 
11.88 
11.88 
11.89 
11.90 
11.90 
11.91 
11.92 
11.93 
11.93 
11.94 
11.95 
11.95 
11.96 
11.97 
11.98 
11.98 
11.99 
12.00 
12.01 
12.01 
12.02 
12.03 
12.03 
12.04 
12.05 
12.06 
12.06 
12.07 
12.08 
12.09 
12.09 
12.10 
12.11 
12.12 
12.12 
12.13 
12.14 
12.15 
12.15 
12.16 
12.17 
12.18 
12.18 
12.19 
12.20 
12.21 
12.21 
12.22 
12.23 
12.24 
12.24 
12.25 
12.26 
12.27 
12.28 
12.28 
12.29 
12.30 
12.31 
12.31 
12.32 
12.33 
12.34 
12.34 
12.35 
12.36 
12.37 
12.38 
12.38 
12.39 
12.40 
12.41 
12.41 
12.42 
12.43 
12.44 
12.45 
12.45 
12.46 
12.47 
12.48 
12.49 
12.49 
12.50 
12.51 
12.52 
12.52 
12.53 
12.54 
12.55 
12.56 
12.56 
12.57 
12.58 
12.59 
12.60 
12.60 
12.61 
12.62 
12.63 
12.63 
12.64 
12.65 
12.66 
12.67 
12.67 
12.68 
12.69 
12.70 
12.71 
12.71 
12.72 
12.73 
12.74 
12.75 
12.75 
12.76 
12.77 
12.78 
12.78 
12.79 
12.80 
12.81 
12.82 
12.82 
12.83 
12.84 
12.85 
12.86 
12.86 
12.87 
12.88 
12.89 
12.90 
12.90 
12.91 
12.92 
12.93 
12.93 
12.94 
12.95 
12.96 
12.97 
12.97 
12.98 
12.99 
13.00 
13.01 
13.01 
13.02 
13.03 
13.04 
13.04 
13.05 
13.06 
13.07 
13.08 
13.08 
13.09 
13.10 
13.11 
13.11 
13.12 
13.13 
13.14 
13.14 
13.15 
13.16 
13.17 
13.18 
13.18 
13.19 
13.20 
13.21 
13.21 
13.22 
13.23 
13.24 
13.24 
13.25 
13.26 
13.27 
13.27 
13.28 
13.29 
13.30 
13.30 
13.31 
13.32 
13.33 
13.33 
13.34 
13.35 
13.36 
13.36 
13.37 
13.38 
13.39 
13.39 
13.40 
13.41 
13.41 
13.42 
13.43 
13.44 
13.44 
13.45 
13.46 
13.47 
13.47 
13.48 
13.49 
13.49 
13.50 
13.51 
13.52 
13.52 
13.53 
13.54 
13.54 
13.55 
13.56 
13.56 
13.57 
13.58 
13.59 
13.59 
13.60 
13.61 
13.61 
13.62 
13.63 
13.63 
13.64 
13.65 
13.65 
13.66 
13.67 
13.67 
13.68 
13.69 
13.69 
13.70 
13.71 
13.71 
13.72 
13.73 
13.73 
13.74 
13.75 
13.75 
13.76 
13.77 
13.77 
13.78 
13.79 
13.79 
13.80 
13.80 
13.81 
13.82 
13.82 
13.83 
13.84 
13.84 
13.85 
13.85 
13.86 
13.87 
13.87 
13.88 
13.88 
13.89 
13.90 
13.90 
13.91 
13.91 
13.92 
13.93 
13.93 
13.94 
13.94 
13.95 
13.95 
13.96 
13.97 
13.97 
13.98 
13.98 
13.99 
13.99 
14.00 
14.01 
14.01 
14.02 
14.02 
14.03 
14.03 
14.04 
14.04 
14.05 
14.05 
14.06 
14.06 
14.07 
14.07 
14.08 
14.08 
14.09 
14.09 
14.10 
14.10 
14.11 
14.11 
14.12 
14.12 
14.13 
14.13 
14.14 
14.14 
14.15 
14.15 
14.16 
14.16 
14.17 
14.17 
14.18 
14.18 
14.18 
14.19 
14.19 
14.20 
14.20 
14.21 
14.21 
14.21 
14.22 
14.22 
14.23 
14.23 
14.23 
14.24 
14.24 
14.25 
14.25 
14.25 
14.26 
14.26 
14.27 
14.27 
14.27 
14.28 
14.28 
14.28 
14.29 
14.29 
14.30 
14.30 
14.30 
14.31 
14.31 
14.31 
14.32 
14.32 
14.32 
14.32 
14.33 
14.33 
14.33 
14.34 
14.34 
14.34 
14.35 
14.35 
14.35 
14.35 
14.36 
14.36 
14.36 
14.37 
14.37 
14.37 
14.37 
14.38 
14.38 
14.38 
14.38 
14.38 
14.39 
14.39 
14.39 
14.39 
14.40 
14.40 
14.40 
14.40 
14.40 
14.41 
14.41 
14.41 
14.41 
14.41 
14.41 
14.42 
14.42 
14.42 
14.42 
14.42 
14.42 
14.42 
14.43 
14.43 
14.43 
14.43 
14.43 
14.43 
14.43 
14.43 
14.44 
14.44 
14.44 
14.44 
14.44 
14.44 
14.44 
14.44 
14.44 
14.44 
14.44 
14.44 
14.44 
14.44 
14.44 
14.44 
14.44 
14.44 
14.45 
14.45 
14.45 
14.45 
14.45 
14.45 
14.44 
14.44 
14.44 
14.44 
14.44 
14.44 
14.44 
14.44 
14.44 
14.44 
14.44 
14.44 
14.44 
14.44 
14.44 
14.44 
14.44 
14.43 
14.43 
14.43 
14.43 
14.43 
14.43 
14.43 
14.43 
14.43 
14.42 
14.42 
14.42 
14.42 
14.42 
14.42 
14.41 
14.41 
14.41 
14.41 
14.41 
14.40 
14.40 
14.40 
14.40 
14.40 
14.39 
14.39 
14.39 
14.39 
14.38 
14.38 
14.38 
14.38 
14.37 
14.37 
14.37 
14.36 
14.36 
14.36 
14.36 
14.35 
14.35 
14.35 
14.34 
14.34 
14.34 
14.33 
14.33 
14.33 
14.32 
14.32 
14.31 
14.31 
14.31 
14.30 
14.30 
14.30 
14.29 
14.29 
14.28 
14.28 
14.28 
14.27 
14.27 
14.26 
14.26 
14.25 
14.25 
14.24 
14.24 
14.24 
14.23 
14.23 
14.22 
14.22 
14.21 
14.21 
14.20 
14.20 
14.19 
14.19 
14.18 
14.18 
14.17 
14.17 
14.16 
14.16 
14.15 
14.14 
14.14 
14.13 
14.13 
14.12 
14.12 
14.11 
14.10 
14.10 
14.09 
14.09 
14.08 
14.08 
14.07 
14.06 
14.06 
14.05 
14.04 
14.04 
14.03 
14.03 
14.02 
14.01 
14.01 
14.00 
13.99 
13.99 
13.98 
13.97 
13.97 
13.96 
13.95 
13.95 
13.94 
13.93 
13.93 
13.92 
13.91 
13.90 
13.90 
13.89 
13.88 
13.88 
13.87 
13.86 
13.85 
13.85 
13.84 
13.83 
13.82 
13.82 
13.81 
13.80 
13.79 
13.78 
13.78 
13.77 
13.76 
13.75 
13.75 
13.74 
13.73 
13.72 
13.71 
13.71 
13.70 
13.69 
13.68 
13.67 
13.66 
13.66 
13.65 
13.64 
13.63 
13.62 
13.61 
13.61 
13.60 
13.59 
13.58 
13.57 
13.56 
13.55 
13.54 
13.54 
13.53 
13.52 
13.51 
13.50 
13.49 
13.48 
13.47 
13.46 
13.45 
13.44 
13.44 
13.43 
13.42 
13.41 
13.40 
13.39 
13.38 
13.37 
13.36 
13.35 
13.34 
13.33 
13.32 
13.31 
13.30 
13.29 
13.28 
13.27 
13.26 
13.25 
13.24 
13.23 
13.22 
13.21 
13.20 
13.19 
13.18 
13.17 
13.16 
13.15 
13.14 
13.13 
13.12 
13.11 
13.10 
13.09 
13.08 
13.07 
13.06 
13.05 
13.04 
13.03 
13.02 
13.01 
13.00 
12.99 
12.98 
12.97 
12.96 
12.95 
12.93 
12.92 
12.91 
12.90 
12.89 
12.88 
12.87 
12.86 
12.85 
12.84 
12.83 
12.81 
12.80 
12.79 
12.78 
12.77 
12.76 
12.75 
12.74 
12.73 
12.71 
12.70 
12.69 
12.68 
12.67 
12.66 
12.65 
12.64 
12.62 
12.61 
12.60 
12.59 
12.58 
12.57 
12.55 
12.54 
12.53 
12.52 
12.51 
12.50 
12.48 
12.47 
12.46 
12.45 
12.44 
12.43 
12.41 
12.40 
12.39 
12.38 
12.37 
12.35 
12.34 
12.33 
12.32 
12.31 
12.29 
12.28 
12.27 
12.26 
12.25 
12.23 
12.22 
12.21 
12.20 
12.19 
12.17 
12.16 
12.15 
12.14 
12.12 
12.11 
12.10 
12.09 
12.07 
12.06 
12.05 
12.04 
12.02 
12.01 
12.00 
11.99 
11.97 
11.96 
11.95 
11.94 
11.92 
11.91 
11.90 
11.89 
11.87 
11.86 
11.85 
11.84 
11.82 
11.81 
11.80 
11.79 
11.77 
11.76 
11.75 
11.73 
11.72 
11.71 
11.70 
11.68 
11.67 
11.66 
11.64 
11.63 
11.62 
11.61 
11.59 
11.58 
11.57 
11.55 
11.54 
11.53 
11.51 
11.50 
11.49 
11.48 
11.46 
11.45 
11.44