20110101
20111231
11.42 
11.41 
11.40 
11.38 
11.37 
11.36 
11.34 
11.33 
11.32 
11.31 
11.29 
11.28 
11.27 
11.25 
11.24 
11.23 
11.21 
11.20 
11.19 
11.17 
11.16 
11.15 
11.13 
11.12 
11.11 
11.09 
11.08 
11.07 
11.05 
11.04 
11.03 
11.01 
11.00 
10.99 
10.97 
10.96 
10.95 
10.93 
10.92 
10.91 
10.89 
10.88 
10.87 
10.85 
10.84 
10.83 
10.81 
10.80 
10.79 
10.77 
10.76 
10.74 
10.73 
10.72 
10.70 
10.69 
10.68 
10.66 
10.65 
10.64 
10.62 
10.61 
10.60 
10.58 
10.57 
10.56 
10.54 
10.53 
10.52 
10.50 
10.49 
10.47 
10.46 
10.45 
10.43 
10.42 
10.41 
10.39 
10.38 
10.37 
10.35 
10.34 
10.33 
10.31 
10.30 
10.29 
10.27 
10.26 
10.24 
10.23 
10.22 
10.20 
10.19 
10.18 
10.16 
10.15 
10.14 
10.12 
10.11 
10.10 
10.08 
10.07 
10.06 
10.04 
10.03 
10.02 
10.00 
9.99 
9.97 
9.96 
9.95 
9.93 
9.92 
9.91 
9.89 
9.88 
9.87 
9.85 
9.84 
9.83 
9.81 
9.80 
9.79 
9.77 
9.76 
9.75 
9.73 
9.72 
9.71 
9.69 
9.68 
9.67 
9.65 
9.64 
9.63 
9.61 
9.60 
9.59 
9.57 
9.56 
9.55 
9.53 
9.52 
9.51 
9.49 
9.48 
9.47 
9.45 
9.44 
9.43 
9.41 
9.40 
9.39 
9.37 
9.36 
9.35 
9.33 
9.32 
9.31 
9.29 
9.28 
9.27 
9.26 
9.24 
9.23 
9.22 
9.20 
9.19 
9.18 
9.16 
9.15 
9.14 
9.12 
9.11 
9.10 
9.09 
9.07 
9.06 
9.05 
9.03 
9.02 
9.01 
9.00 
8.98 
8.97 
8.96 
8.94 
8.93 
8.92 
8.91 
8.89 
8.88 
8.87 
8.85 
8.84 
8.83 
8.82 
8.80 
8.79 
8.78 
8.77 
8.75 
8.74 
8.73 
8.72 
8.70 
8.69 
8.68 
8.67 
8.65 
8.64 
8.63 
8.62 
8.60 
8.59 
8.58 
8.57 
8.55 
8.54 
8.53 
8.52 
8.50 
8.49 
8.48 
8.47 
8.46 
8.44 
8.43 
8.42 
8.41 
8.39 
8.38 
8.37 
8.36 
8.35 
8.33 
8.32 
8.31 
8.30 
8.29 
8.27 
8.26 
8.25 
8.24 
8.23 
8.22 
8.20 
8.19 
8.18 
8.17 
8.16 
8.15 
8.13 
8.12 
8.11 
8.10 
8.09 
8.08 
8.06 
8.05 
8.04 
8.03 
8.02 
8.01 
8.00 
7.98 
7.97 
7.96 
7.95 
7.94 
7.93 
7.92 
7.91 
7.89 
7.88 
7.87 
7.86 
7.85 
7.84 
7.83 
7.82 
7.81 
7.79 
7.78 
7.77 
7.76 
7.75 
7.74 
7.73 
7.72 
7.71 
7.70 
7.69 
7.68 
7.67 
7.66 
7.64 
7.63 
7.62 
7.61 
7.60 
7.59 
7.58 
7.57 
7.56 
7.55 
7.54 
7.53 
7.52 
7.51 
7.50 
7.49 
7.48 
7.47 
7.46 
7.45 
7.44 
7.43 
7.42 
7.41 
7.40 
7.39 
7.38 
7.37 
7.36 
7.35 
7.34 
7.33 
7.32 
7.31 
7.30 
7.29 
7.28 
7.28 
7.27 
7.26 
7.25 
7.24 
7.23 
7.22 
7.21 
7.20 
7.19 
7.18 
7.17 
7.16 
7.16 
7.15 
7.14 
7.13 
7.12 
7.11 
7.10 
7.09 
7.08 
7.08 
7.07 
7.06 
7.05 
7.04 
7.03 
7.02 
7.02 
7.01 
7.00 
6.99 
6.98 
6.97 
6.97 
6.96 
6.95 
6.94 
6.93 
6.93 
6.92 
6.91 
6.90 
6.89 
6.89 
6.88 
6.87 
6.86 
6.86 
6.85 
6.84 
6.83 
6.83 
6.82 
6.81 
6.80 
6.80 
6.79 
6.78 
6.77 
6.77 
6.76 
6.75 
6.75 
6.74 
6.73 
6.72 
6.72 
6.71 
6.70 
6.70 
6.69 
6.68 
6.68 
6.67 
6.66 
6.66 
6.65 
6.64 
6.64 
6.63 
6.62 
6.62 
6.61 
6.61 
6.60 
6.59 
6.59 
6.58 
6.58 
6.57 
6.56 
6.56 
6.55 
6.55 
6.54 
6.54 
6.53 
6.52 
6.52 
6.51 
6.51 
6.50 
6.50 
6.49 
6.49 
6.48 
6.48 
6.47 
6.46 
6.46 
6.45 
6.45 
6.44 
6.44 
6.43 
6.43 
6.43 
6.42 
6.42 
6.41 
6.41 
6.40 
6.40 
6.39 
6.39 
6.38 
6.38 
6.37 
6.37 
6.37 
6.36 
6.36 
6.35 
6.35 
6.34 
6.34 
6.34 
6.33 
6.33 
6.33 
6.32 
6.32 
6.31 
6.31 
6.31 
6.30 
6.30 
6.30 
6.29 
6.29 
6.28 
6.28 
6.28 
6.27 
6.27 
6.27 
6.26 
6.26 
6.26 
6.26 
6.25 
6.25 
6.25 
6.24 
6.24 
6.24 
6.23 
6.23 
6.23 
6.23 
6.22 
6.22 
6.22 
6.22 
6.21 
6.21 
6.21 
6.21 
6.20 
6.20 
6.20 
6.20 
6.19 
6.19 
6.19 
6.19 
6.19 
6.18 
6.18 
6.18 
6.18 
6.18 
6.17 
6.17 
6.17 
6.17 
6.17 
6.16 
6.16 
6.16 
6.16 
6.16 
6.16 
6.16 
6.15 
6.15 
6.15 
6.15 
6.15 
6.15 
6.15 
6.15 
6.14 
6.14 
6.14 
6.14 
6.14 
6.14 
6.14 
6.14 
6.14 
6.14 
6.13 
6.13 
6.13 
6.13 
6.13 
6.13 
6.13 
6.13 
6.13 
6.13 
6.13 
6.13 
6.13 
6.13 
6.13 
6.13 
6.13 
6.13 
6.13 
6.13 
6.13 
6.13 
6.13 
6.13 
6.13 
6.13 
6.13 
6.13 
6.13 
6.13 
6.13 
6.13 
6.13 
6.13 
6.13 
6.13 
6.13 
6.13 
6.13 
6.13 
6.13 
6.13 
6.13 
6.14 
6.14 
6.14 
6.14 
6.14 
6.14 
6.14 
6.14 
6.14 
6.14 
6.14 
6.15 
6.15 
6.15 
6.15 
6.15 
6.15 
6.15 
6.15 
6.16 
6.16 
6.16 
6.16 
6.16 
6.16 
6.17 
6.17 
6.17 
6.17 
6.17 
6.17 
6.18 
6.18 
6.18 
6.18 
6.18 
6.18 
6.19 
6.19 
6.19 
6.19 
6.20 
6.20 
6.20 
6.20 
6.20 
6.21 
6.21 
6.21 
6.21 
6.22 
6.22 
6.22 
6.22 
6.23 
6.23 
6.23 
6.23 
6.24 
6.24 
6.24 
6.24 
6.25 
6.25 
6.25 
6.26 
6.26 
6.26 
6.26 
6.27 
6.27 
6.27 
6.28 
6.28 
6.28 
6.29 
6.29 
6.29 
6.30 
6.30 
6.30 
6.31 
6.31 
6.31 
6.32 
6.32 
6.32 
6.33 
6.33 
6.33 
6.34 
6.34 
6.35 
6.35 
6.35 
6.36 
6.36 
6.36 
6.37 
6.37 
6.38 
6.38 
6.38 
6.39 
6.39 
6.40 
6.40 
6.40 
6.41 
6.41 
6.42 
6.42 
6.43 
6.43 
6.43 
6.44 
6.44 
6.45 
6.45 
6.46 
6.46 
6.47 
6.47 
6.48 
6.48 
6.48 
6.49 
6.49 
6.50 
6.50 
6.51 
6.51 
6.52 
6.52 
6.53 
6.53 
6.54 
6.54 
6.55 
6.55 
6.56 
6.56 
6.57 
6.57 
6.58 
6.58 
6.59 
6.60 
6.60 
6.61 
6.61 
6.62 
6.62 
6.63 
6.63 
6.64 
6.64 
6.65 
6.66 
6.66 
6.67 
6.67 
6.68 
6.68 
6.69 
6.70 
6.70 
6.71 
6.71 
6.72 
6.73 
6.73 
6.74 
6.74 
6.75 
6.76 
6.76 
6.77 
6.77 
6.78 
6.79 
6.79 
6.80 
6.80 
6.81 
6.82 
6.82 
6.83 
6.84 
6.84 
6.85 
6.86 
6.86 
6.87 
6.88 
6.88 
6.89 
6.90 
6.90 
6.91 
6.92 
6.92 
6.93 
6.94 
6.94 
6.95 
6.96 
6.96 
6.97 
6.98 
6.98 
6.99 
7.00 
7.01 
7.01 
7.02 
7.03 
7.03 
7.04 
7.05 
7.06 
7.06 
7.07 
7.08 
7.09 
7.09 
7.10 
7.11 
7.11 
7.12 
7.13 
7.14 
7.14 
7.15 
7.16 
7.17 
7.18 
7.18 
7.19 
7.20 
7.21 
7.21 
7.22 
7.23 
7.24 
7.24 
7.25 
7.26 
7.27 
7.28 
7.28 
7.29 
7.30 
7.31 
7.32 
7.32 
7.33 
7.34 
7.35 
7.36 
7.37 
7.37 
7.38 
7.39 
7.40 
7.41 
7.42 
7.42 
7.43 
7.44 
7.45 
7.46 
7.47 
7.47 
7.48 
7.49 
7.50 
7.51 
7.52 
7.53 
7.53 
7.54 
7.55 
7.56 
7.57 
7.58 
7.59 
7.60 
7.60 
7.61 
7.62 
7.63 
7.64 
7.65 
7.66 
7.67 
7.68 
7.68 
7.69 
7.70 
7.71 
7.72 
7.73 
7.74 
7.75 
7.76 
7.77 
7.78 
7.79 
7.79 
7.80 
7.81 
7.82 
7.83 
7.84 
7.85 
7.86 
7.87 
7.88 
7.89 
7.90 
7.91 
7.92 
7.93 
7.94 
7.95 
7.96 
7.97 
7.97 
7.98 
7.99 
8.00 
8.01 
8.02 
8.03 
8.04 
8.05 
8.06 
8.07 
8.08 
8.09 
8.10 
8.11 
8.12 
8.13 
8.14 
8.15 
8.16 
8.17 
8.18 
8.19 
8.20 
8.21 
8.22 
8.23 
8.24 
8.25 
8.26 
8.27 
8.28 
8.29 
8.31 
8.32 
8.33 
8.34 
8.35 
8.36 
8.37 
8.38 
8.39 
8.40 
8.41 
8.42 
8.43 
8.44 
8.45 
8.46 
8.47 
8.48 
8.49 
8.50 
8.52 
8.53 
8.54 
8.55 
8.56 
8.57 
8.58 
8.59 
8.60 
8.61 
8.62 
8.63 
8.64 
8.66 
8.67 
8.68 
8.69 
8.70 
8.71 
8.72 
8.73 
8.74 
8.75 
8.77 
8.78 
8.79 
8.80 
8.81 
8.82 
8.83 
8.84 
8.85 
8.87 
8.88 
8.89 
8.90 
8.91 
8.92 
8.93 
8.95 
8.96 
8.97 
8.98 
8.99 
9.00 
9.01 
9.03 
9.04 
9.05 
9.06 
9.07 
9.08 
9.09 
9.11 
9.12 
9.13 
9.14 
9.15 
9.16 
9.18 
9.19 
9.20 
9.21 
9.22 
9.23 
9.25 
9.26 
9.27 
9.28 
9.29 
9.30 
9.32 
9.33 
9.34 
9.35 
9.36 
9.38 
9.39 
9.40 
9.41 
9.42 
9.44 
9.45 
9.46 
9.47 
9.48 
9.50 
9.51 
9.52 
9.53 
9.54 
9.56 
9.57 
9.58 
9.59 
9.60 
9.62 
9.63 
9.64 
9.65 
9.67 
9.68 
9.69 
9.70 
9.72 
9.73 
9.74 
9.75 
9.76 
9.78 
9.79 
9.80 
9.81 
9.83 
9.84 
9.85 
9.86 
9.88 
9.89 
9.90 
9.91 
9.93 
9.94 
9.95 
9.96 
9.98 
9.99 
10.00 
10.01 
10.03 
10.04 
10.05 
10.07 
10.08 
10.09 
10.10 
10.12 
10.13 
10.14 
10.15 
10.17 
10.18 
10.19 
10.21 
10.22 
10.23 
10.24 
10.26 
10.27 
10.28 
10.29 
10.31 
10.32 
10.33 
10.35 
10.36 
10.37 
10.39 
10.40 
10.41 
10.42 
10.44 
10.45 
10.46 
10.48 
10.49 
10.50 
10.52 
10.53 
10.54 
10.55 
10.57 
10.58 
10.59 
10.61 
10.62 
10.63 
10.65 
10.66 
10.67 
10.69 
10.70 
10.71 
10.73 
10.74 
10.75 
10.77 
10.78 
10.79 
10.81 
10.82 
10.83 
10.85 
10.86 
10.87 
10.89 
10.90 
10.91 
10.93 
10.94 
10.95 
10.97 
10.98 
10.99 
11.01 
11.02 
11.03 
11.05 
11.06 
11.07 
11.09 
11.10 
11.11 
11.13 
11.14 
11.15 
11.17 
11.18 
11.20 
11.21 
11.22 
11.24 
11.25 
11.26 
11.28 
11.29 
11.30 
11.32 
11.33 
11.34 
11.36 
11.37 
11.39 
11.40 
11.41 
11.43 
11.44 
11.45 
11.47 
11.48 
11.50 
11.51 
11.52 
11.54 
11.55 
11.56 
11.58 
11.59 
11.61 
11.62 
11.63 
11.65 
11.66 
11.67 
11.69 
11.70 
11.72 
11.73 
11.74 
11.76 
11.77 
11.79 
11.80 
11.81 
11.83 
11.84 
11.85 
11.87 
11.88 
11.90 
11.91 
11.92 
11.94 
11.95 
11.97 
11.98 
11.99 
12.01 
12.02 
12.04 
12.05 
12.06 
12.08 
12.09 
12.11 
12.12 
12.13 
12.15 
12.16 
12.18 
12.19 
12.20 
12.22 
12.23 
12.25 
12.26 
12.27 
12.29 
12.30 
12.32 
12.33 
12.34 
12.36 
12.37 
12.39 
12.40 
12.41 
12.43 
12.44 
12.46 
12.47 
12.48 
12.50 
12.51 
12.53 
12.54 
12.55 
12.57 
12.58 
12.60 
12.61 
12.62 
12.64 
12.65 
12.67 
12.68 
12.69 
12.71 
12.72 
12.74 
12.75 
12.76 
12.78 
12.79 
12.81 
12.82 
12.83 
12.85 
12.86 
12.88 
12.89 
12.90 
12.92 
12.93 
12.95 
12.96 
12.97 
12.99 
13.00 
13.02 
13.03 
13.04 
13.06 
13.07 
13.09 
13.10 
13.11 
13.13 
13.14 
13.16 
13.17 
13.18 
13.20 
13.21 
13.23 
13.24 
13.25 
13.27 
13.28 
13.29 
13.31 
13.32 
13.34 
13.35 
13.36 
13.38 
13.39 
13.41 
13.42 
13.43 
13.45 
13.46 
13.47 
13.49 
13.50 
13.52 
13.53 
13.54 
13.56 
13.57 
13.58 
13.60 
13.61 
13.63 
13.64 
13.65 
13.67 
13.68 
13.69 
13.71 
13.72 
13.74 
13.75 
13.76 
13.78 
13.79 
13.80 
13.82 
13.83 
13.84 
13.86 
13.87 
13.88 
13.90 
13.91 
13.93 
13.94 
13.95 
13.97 
13.98 
13.99 
14.01 
14.02 
14.03 
14.05 
14.06 
14.07 
14.09 
14.10 
14.11 
14.13 
14.14 
14.15 
14.17 
14.18 
14.19 
14.21 
14.22 
14.23 
14.25 
14.26 
14.27 
14.29 
14.30 
14.31 
14.33 
14.34 
14.35 
14.37 
14.38 
14.39 
14.40 
14.42 
14.43 
14.44 
14.46 
14.47 
14.48 
14.50 
14.51 
14.52 
14.53 
14.55 
14.56 
14.57 
14.59 
14.60 
14.61 
14.62 
14.64 
14.65 
14.66 
14.68 
14.69 
14.70 
14.71 
14.73 
14.74 
14.75 
14.76 
14.78 
14.79 
14.80 
14.82 
14.83 
14.84 
14.85 
14.87 
14.88 
14.89 
14.90 
14.92 
14.93 
14.94 
14.95 
14.96 
14.98 
14.99 
15.00 
15.01 
15.03 
15.04 
15.05 
15.06 
15.08 
15.09 
15.10 
15.11 
15.12 
15.14 
15.15 
15.16 
15.17 
15.18 
15.20 
15.21 
15.22 
15.23 
15.24 
15.26 
15.27 
15.28 
15.29 
15.30 
15.32 
15.33 
15.34 
15.35 
15.36 
15.37 
15.39 
15.40 
15.41 
15.42 
15.43 
15.44 
15.45 
15.47 
15.48 
15.49 
15.50 
15.51 
15.52 
15.53 
15.55 
15.56 
15.57 
15.58 
15.59 
15.60 
15.61 
15.63 
15.64 
15.65 
15.66 
15.67 
15.68 
15.69 
15.70 
15.71 
15.72 
15.74 
15.75 
15.76 
15.77 
15.78 
15.79 
15.80 
15.81 
15.82 
15.83 
15.84 
15.85 
15.86 
15.88 
15.89 
15.90 
15.91 
15.92 
15.93 
15.94 
15.95 
15.96 
15.97 
15.98 
15.99 
16.00 
16.01 
16.02 
16.03 
16.04 
16.05 
16.06 
16.07 
16.08 
16.09 
16.10 
16.11 
16.12 
16.13 
16.14 
16.15 
16.16 
16.17 
16.18 
16.19 
16.20 
16.21 
16.22 
16.23 
16.24 
16.25 
16.26 
16.27 
16.28 
16.29 
16.29 
16.30 
16.31 
16.32 
16.33 
16.34 
16.35 
16.36 
16.37 
16.38 
16.39 
16.40 
16.40 
16.41 
16.42 
16.43 
16.44 
16.45 
16.46 
16.47 
16.48 
16.48 
16.49 
16.50 
16.51 
16.52 
16.53 
16.54 
16.54 
16.55 
16.56 
16.57 
16.58 
16.59 
16.59 
16.60 
16.61 
16.62 
16.63 
16.64 
16.64 
16.65 
16.66 
16.67 
16.68 
16.68 
16.69 
16.70 
16.71 
16.71 
16.72 
16.73 
16.74 
16.75 
16.75 
16.76 
16.77 
16.78 
16.78 
16.79 
16.80 
16.80 
16.81 
16.82 
16.83 
16.83 
16.84 
16.85 
16.85 
16.86 
16.87 
16.88 
16.88 
16.89 
16.90 
16.90 
16.91 
16.92 
16.92 
16.93 
16.94 
16.94 
16.95 
16.96 
16.96 
16.97 
16.97 
16.98 
16.99 
16.99 
17.00 
17.01 
17.01 
17.02 
17.02 
17.03 
17.04 
17.04 
17.05 
17.05 
17.06 
17.07 
17.07 
17.08 
17.08 
17.09 
17.09 
17.10 
17.10 
17.11 
17.11 
17.12 
17.13 
17.13 
17.14 
17.14 
17.15 
17.15 
17.16 
17.16 
17.17 
17.17 
17.18 
17.18 
17.19 
17.19 
17.19 
17.20 
17.20 
17.21 
17.21 
17.22 
17.22 
17.23 
17.23 
17.23 
17.24 
17.24 
17.25 
17.25 
17.26 
17.26 
17.26 
17.27 
17.27 
17.28 
17.28 
17.28 
17.29 
17.29 
17.29 
17.30 
17.30 
17.30 
17.31 
17.31 
17.31 
17.32 
17.32 
17.32 
17.33 
17.33 
17.33 
17.34 
17.34 
17.34 
17.34 
17.35 
17.35 
17.35 
17.36 
17.36 
17.36 
17.36 
17.37 
17.37 
17.37 
17.37 
17.37 
17.38 
17.38 
17.38 
17.38 
17.39 
17.39 
17.39 
17.39 
17.39 
17.39 
17.40 
17.40 
17.40 
17.40 
17.40 
17.40 
17.41 
17.41 
17.41 
17.41 
17.41 
17.41 
17.41 
17.41 
17.41 
17.42 
17.42 
17.42 
17.42 
17.42 
17.42 
17.42 
17.42 
17.42 
17.42 
17.42 
17.42 
17.42 
17.42 
17.42 
17.42 
17.42 
17.42 
17.42 
17.42 
17.42 
17.42 
17.42 
17.42 
17.42 
17.42 
17.42 
17.42 
17.42 
17.42 
17.42 
17.42 
17.42 
17.42 
17.42 
17.42 
17.41 
17.41 
17.41 
17.41 
17.41 
17.41 
17.41 
17.41 
17.40 
17.40 
17.40 
17.40 
17.40 
17.40 
17.39 
17.39 
17.39 
17.39 
17.39 
17.38 
17.38 
17.38 
17.38 
17.38 
17.37 
17.37 
17.37 
17.37 
17.36 
17.36 
17.36 
17.36 
17.35 
17.35 
17.35 
17.34 
17.34 
17.34 
17.33 
17.33 
17.33 
17.32 
17.32 
17.32 
17.31 
17.31 
17.31 
17.30 
17.30 
17.30 
17.29 
17.29 
17.28 
17.28 
17.28 
17.27 
17.27 
17.26 
17.26 
17.25 
17.25 
17.24 
17.24 
17.24 
17.23 
17.23 
17.22 
17.22 
17.21 
17.21 
17.20 
17.20 
17.19 
17.19 
17.18 
17.18 
17.17 
17.17 
17.16 
17.16 
17.15 
17.14 
17.14 
17.13 
17.13 
17.12 
17.12 
17.11 
17.10 
17.10 
17.09 
17.09 
17.08 
17.07 
17.07 
17.06 
17.06 
17.05 
17.04 
17.04 
17.03 
17.02 
17.02 
17.01 
17.00 
17.00 
16.99 
16.98 
16.98 
16.97 
16.96 
16.96 
16.95 
16.94 
16.94 
16.93 
16.92 
16.92 
16.91 
16.90 
16.89 
16.89 
16.88 
16.87 
16.86 
16.86 
16.85 
16.84 
16.83 
16.83 
16.82 
16.81 
16.80 
16.80 
16.79 
16.78 
16.77 
16.76 
16.76 
16.75 
16.74 
16.73 
16.72 
16.72 
16.71 
16.70 
16.69 
16.68 
16.67 
16.67 
16.66 
16.65 
16.64 
16.63 
16.62 
16.62 
16.61 
16.60 
16.59 
16.58 
16.57 
16.56 
16.55 
16.55 
16.54 
16.53 
16.52 
16.51 
16.50 
16.49 
16.48 
16.47 
16.46 
16.46 
16.45 
16.44 
16.43 
16.42 
16.41 
16.40 
16.39 
16.38 
16.37 
16.36 
16.35 
16.34 
16.33 
16.33 
16.32 
16.31 
16.30 
16.29 
16.28 
16.27 
16.26 
16.25 
16.24 
16.23 
16.22 
16.21 
16.20 
16.19 
16.18 
16.17 
16.16 
16.15 
16.14 
16.13 
16.12 
16.11 
16.10 
16.09 
16.08 
16.07 
16.06 
16.05 
16.04 
16.03 
16.02 
16.01 
16.00 
15.99 
15.98 
15.97 
15.96 
15.95 
15.94 
15.93 
15.92 
15.91 
15.89 
15.88 
15.87 
15.86 
15.85 
15.84 
15.83 
15.82 
15.81 
15.80 
15.79 
15.78 
15.77 
15.76 
15.75 
15.74 
15.73 
15.72 
15.70 
15.69 
15.68 
15.67 
15.66 
15.65 
15.64 
15.63 
15.62 
15.61 
15.60 
15.59 
15.58 
15.56 
15.55 
15.54 
15.53 
15.52 
15.51 
15.50 
15.49 
15.48 
15.47 
15.46 
15.44 
15.43 
15.42 
15.41 
15.40 
15.39 
15.38 
15.37 
15.36 
15.35 
15.33 
15.32 
15.31 
15.30 
15.29 
15.28 
15.27 
15.26 
15.25 
15.24 
15.22 
15.21 
15.20 
15.19 
15.18 
15.17 
15.16 
15.15 
15.14 
15.13 
15.11 
15.10 
15.09 
15.08 
15.07 
15.06 
15.05 
15.04 
15.03 
15.01 
15.00 
14.99 
14.98 
14.97 
14.96 
14.95 
14.94 
14.93 
14.92 
14.90 
14.89 
14.88 
14.87 
14.86 
14.85 
14.84 
14.83 
14.82 
14.80 
14.79 
14.78 
14.77 
14.76 
14.75 
14.74 
14.73 
14.72 
14.71 
14.70 
14.68 
14.67 
14.66 
14.65 
14.64 
14.63 
14.62 
14.61 
14.60 
14.59 
14.58 
14.56 
14.55 
14.54 
14.53 
14.52 
14.51 
14.50 
14.49 
14.48 
14.47 
14.46 
14.45 
14.44 
14.42 
14.41 
14.40 
14.39 
14.38 
14.37 
14.36 
14.35 
14.34 
14.33 
14.32 
14.31 
14.30 
14.29 
14.28 
14.27 
14.26 
14.25 
14.23 
14.22 
14.21 
14.20 
14.19 
14.18 
14.17 
14.16 
14.15 
14.14 
14.13 
14.12 
14.11 
14.10 
14.09 
14.08 
14.07 
14.06 
14.05 
14.04 
14.03 
14.02 
14.01 
14.00 
13.99 
13.98 
13.97 
13.96 
13.95 
13.94 
13.93 
13.92 
13.91 
13.90 
13.89 
13.88 
13.87 
13.86 
13.85 
13.84 
13.83 
13.82 
13.81 
13.81 
13.80 
13.79 
13.78 
13.77 
13.76 
13.75 
13.74 
13.73 
13.72 
13.71 
13.70 
13.69 
13.68 
13.68 
13.67 
13.66 
13.65 
13.64 
13.63 
13.62 
13.61 
13.60 
13.59 
13.59 
13.58 
13.57 
13.56 
13.55 
13.54 
13.53 
13.53 
13.52 
13.51 
13.50 
13.49 
13.48 
13.47 
13.47 
13.46 
13.45 
13.44 
13.43 
13.42 
13.42 
13.41 
13.40 
13.39 
13.38 
13.38 
13.37 
13.36 
13.35 
13.35 
13.34 
13.33 
13.32 
13.31 
13.31 
13.30 
13.29 
13.28 
13.28 
13.27 
13.26 
13.25 
13.25 
13.24 
13.23 
13.23 
13.22 
13.21 
13.20 
13.20 
13.19 
13.18 
13.18 
13.17 
13.16 
13.16 
13.15 
13.14 
13.14 
13.13 
13.12 
13.12 
13.11 
13.10 
13.10 
13.09 
13.08 
13.08 
13.07 
13.07 
13.06 
13.05 
13.05 
13.04 
13.04 
13.03 
13.02 
13.02 
13.01 
13.01 
13.00 
13.00 
12.99 
12.99 
12.98 
12.98 
12.97 
12.96 
12.96 
12.95 
12.95 
12.94 
12.94 
12.93 
12.93 
12.92 
12.92 
12.91 
12.91 
12.91 
12.90 
12.90 
12.89 
12.89 
12.88 
12.88 
12.87 
12.87 
12.87 
12.86 
12.86 
12.85 
12.85 
12.85 
12.84 
12.84 
12.84 
12.83 
12.83 
12.82 
12.82 
12.82 
12.81 
12.81 
12.81 
12.80 
12.80 
12.80 
12.80 
12.79 
12.79 
12.79 
12.78 
12.78 
12.78 
12.78 
12.77 
12.77 
12.77 
12.77 
12.76 
12.76 
12.76 
12.76 
12.76 
12.75 
12.75 
12.75 
12.75 
12.75 
12.75 
12.74 
12.74 
12.74 
12.74 
12.74 
12.74 
12.74 
12.73 
12.73 
12.73 
12.73 
12.73 
12.73 
12.73 
12.73 
12.73 
12.73 
12.73 
12.73 
12.73 
12.73 
12.73 
12.73 
12.73 
12.73 
12.73 
12.73 
12.73 
12.73 
12.73 
12.73 
12.73 
12.73 
12.73 
12.73 
12.73 
12.73 
12.73 
12.73 
12.74 
12.74 
12.74 
12.74 
12.74 
12.74 
12.74 
12.74 
12.75 
12.75 
12.75 
12.75 
12.75 
12.76 
12.76 
12.76 
12.76 
12.77 
12.77 
12.77 
12.77 
12.78 
12.78 
12.78 
12.78 
12.79 
12.79 
12.79 
12.80 
12.80 
12.80 
12.81 
12.81 
12.81 
12.82 
12.82 
12.83 
12.83 
12.83 
12.84 
12.84 
12.85 
12.85 
12.86 
12.86 
12.86 
12.87 
12.87 
12.88 
12.88 
12.89 
12.89 
12.90 
12.90 
12.91 
12.92 
12.92 
12.93 
12.93 
12.94 
12.94 
12.95 
12.96 
12.96 
12.97 
12.97 
12.98 
12.99 
12.99 
13.00 
13.01 
13.01 
13.02 
13.03 
13.04 
13.04 
13.05 
13.06 
13.06 
13.07 
13.08 
13.09 
13.10 
13.10 
13.11 
13.12 
13.13 
13.14 
13.14 
13.15 
13.16 
13.17 
13.18 
13.19 
13.20 
13.21 
13.21 
13.22 
13.23 
13.24 
13.25 
13.26 
13.27 
13.28 
13.29 
13.30 
13.31 
13.32 
13.33 
13.34 
13.35 
13.36 
13.37 
13.38 
13.39 
13.41 
13.42 
13.43 
13.44 
13.45 
13.46 
13.47 
13.48 
13.49 
13.51 
13.52 
13.53 
13.54 
13.55 
13.57 
13.58 
13.59 
13.60 
13.61 
13.63 
13.64 
13.65 
13.66 
13.68 
13.69 
13.70 
13.72 
13.73 
13.74 
13.76 
13.77 
13.78 
13.80 
13.81 
13.82 
13.84 
13.85 
13.86 
13.88 
13.89 
13.91 
13.92 
13.93 
13.95 
13.96 
13.98 
13.99 
14.01 
14.02 
14.04 
14.05 
14.06 
14.08 
14.09 
14.11 
14.13 
14.14 
14.16 
14.17 
14.19 
14.20 
14.22 
14.23 
14.25 
14.26 
14.28 
14.30 
14.31 
14.33 
14.34 
14.36 
14.38 
14.39 
14.41 
14.43 
14.44 
14.46 
14.48 
14.49 
14.51 
14.53 
14.54 
14.56 
14.58 
14.59 
14.61 
14.63 
14.65 
14.66 
14.68 
14.70 
14.72 
14.73 
14.75 
14.77 
14.79 
14.80 
14.82 
14.84 
14.86 
14.88 
14.89 
14.91 
14.93 
14.95 
14.97 
14.98 
15.00 
15.02 
15.04 
15.06 
15.08 
15.10 
15.12 
15.13 
15.15 
15.17 
15.19 
15.21 
15.23 
15.25 
15.27 
15.29 
15.31 
15.33 
15.34 
15.36 
15.38 
15.40 
15.42 
15.44 
15.46 
15.48 
15.50 
15.52 
15.54 
15.56 
15.58 
15.60 
15.62 
15.64 
15.66 
15.68 
15.70 
15.72 
15.74 
15.76 
15.78 
15.80 
15.83 
15.85 
15.87 
15.89 
15.91 
15.93 
15.95 
15.97 
15.99 
16.01 
16.03 
16.05 
16.08 
16.10 
16.12 
16.14 
16.16 
16.18 
16.20 
16.22 
16.25 
16.27 
16.29 
16.31 
16.33 
16.35 
16.37 
16.40 
16.42 
16.44 
16.46 
16.48 
16.51 
16.53 
16.55 
16.57 
16.59 
16.61 
16.64 
16.66 
16.68 
16.70 
16.73 
16.75 
16.77 
16.79 
16.81 
16.84 
16.86 
16.88 
16.90 
16.93 
16.95 
16.97 
16.99 
17.02 
17.04 
17.06 
17.08 
17.11 
17.13 
17.15 
17.18 
17.20 
17.22 
17.24 
17.27 
17.29 
17.31 
17.34 
17.36 
17.38 
17.40 
17.43 
17.45 
17.47 
17.50 
17.52 
17.54 
17.57 
17.59 
17.61 
17.64 
17.66 
17.68 
17.71 
17.73 
17.75 
17.78 
17.80 
17.82 
17.85 
17.87 
17.89 
17.92 
17.94 
17.96 
17.99 
18.01 
18.03 
18.06 
18.08 
18.10 
18.13 
18.15 
18.18 
18.20 
18.22 
18.25 
18.27 
18.29 
18.32 
18.34 
18.37 
18.39 
18.41 
18.44 
18.46 
18.48 
18.51 
18.53 
18.56 
18.58 
18.60 
18.63 
18.65 
18.68 
18.70 
18.72 
18.75 
18.77 
18.80 
18.82 
18.84 
18.87 
18.89 
18.92 
18.94 
18.96 
18.99 
19.01 
19.04 
19.06 
19.08 
19.11 
19.13 
19.16 
19.18 
19.20 
19.23 
19.25 
19.28 
19.30 
19.32 
19.35 
19.37 
19.40 
19.42 
19.44 
19.47 
19.49 
19.52 
19.54 
19.56 
19.59 
19.61 
19.64 
19.66 
19.68 
19.71 
19.73 
19.76 
19.78 
19.80 
19.83 
19.85 
19.88 
19.90 
19.92 
19.95 
19.97 
20.00 
20.02 
20.04 
20.07 
20.09 
20.12 
20.14 
20.16 
20.19 
20.21 
20.24 
20.26 
20.28 
20.31 
20.33 
20.36 
20.38 
20.40 
20.43 
20.45 
20.47 
20.50 
20.52 
20.55 
20.57 
20.59 
20.62 
20.64 
20.66 
20.69 
20.71 
20.74 
20.76 
20.78 
20.81 
20.83 
20.85 
20.88 
20.90 
20.92 
20.95 
20.97 
20.99 
21.02 
21.04 
21.06 
21.09 
21.11 
21.13 
21.16 
21.18 
21.20 
21.23 
21.25 
21.27 
21.30 
21.32 
21.34 
21.37 
21.39 
21.41 
21.44 
21.46 
21.48 
21.50 
21.53 
21.55 
21.57 
21.60 
21.62 
21.64 
21.66 
21.69 
21.71 
21.73 
21.76 
21.78 
21.80 
21.82 
21.85 
21.87 
21.89 
21.91 
21.94 
21.96 
21.98 
22.00 
22.03 
22.05 
22.07 
22.09 
22.11 
22.14 
22.16 
22.18 
22.20 
22.23 
22.25 
22.27 
22.29 
22.31 
22.33 
22.36 
22.38 
22.40 
22.42 
22.44 
22.47 
22.49 
22.51 
22.53 
22.55 
22.57 
22.59 
22.62 
22.64 
22.66 
22.68 
22.70 
22.72 
22.74 
22.76 
22.79 
22.81 
22.83 
22.85 
22.87 
22.89 
22.91 
22.93 
22.95 
22.97 
22.99 
23.01 
23.03 
23.06 
23.08 
23.10 
23.12 
23.14 
23.16 
23.18 
23.20 
23.22 
23.24 
23.26 
23.28 
23.30 
23.32 
23.34 
23.36 
23.38 
23.40 
23.42 
23.44 
23.46 
23.48 
23.49 
23.51 
23.53 
23.55 
23.57 
23.59 
23.61 
23.63 
23.65 
23.67 
23.69 
23.71 
23.72 
23.74 
23.76 
23.78 
23.80 
23.82 
23.84 
23.85 
23.87 
23.89 
23.91 
23.93 
23.95 
23.96 
23.98 
24.00 
24.02 
24.04 
24.05 
24.07 
24.09 
24.11 
24.12 
24.14 
24.16 
24.18 
24.19 
24.21 
24.23 
24.25 
24.26 
24.28 
24.30 
24.31 
24.33 
24.35 
24.36 
24.38 
24.40 
24.41 
24.43 
24.45 
24.46 
24.48 
24.49 
24.51 
24.53 
24.54 
24.56 
24.57 
24.59 
24.61 
24.62 
24.64 
24.65 
24.67 
24.68 
24.70 
24.71 
24.73 
24.74 
24.76 
24.77 
24.79 
24.80 
24.82 
24.83 
24.85 
24.86 
24.88 
24.89 
24.90 
24.92 
24.93 
24.95 
24.96 
24.97 
24.99 
25.00 
25.02 
25.03 
25.04 
25.06 
25.07 
25.08 
25.10 
25.11 
25.12 
25.14 
25.15 
25.16 
25.17 
25.19 
25.20 
25.21 
25.22 
25.24 
25.25 
25.26 
25.27 
25.28 
25.30 
25.31 
25.32 
25.33 
25.34 
25.35 
25.37 
25.38 
25.39 
25.40 
25.41 
25.42 
25.43 
25.44 
25.45 
25.46 
25.48 
25.49 
25.50 
25.51 
25.52 
25.53 
25.54 
25.55 
25.56 
25.57 
25.58 
25.59 
25.60 
25.60 
25.61 
25.62 
25.63 
25.64 
25.65 
25.66 
25.67 
25.68 
25.69 
25.69 
25.70 
25.71 
25.72 
25.73 
25.73 
25.74 
25.75 
25.76 
25.77 
25.77 
25.78 
25.79 
25.80 
25.80 
25.81 
25.82 
25.82 
25.83 
25.84 
25.85 
25.85 
25.86 
25.87 
25.87 
25.88 
25.88 
25.89 
25.90 
25.90 
25.91 
25.91 
25.92 
25.93 
25.93 
25.94 
25.94 
25.95 
25.95 
25.96 
25.96 
25.97 
25.97 
25.98 
25.98 
25.99 
25.99 
26.00 
26.00 
26.01 
26.01 
26.02 
26.02 
26.02 
26.03 
26.03 
26.04 
26.04 
26.04 
26.05 
26.05 
26.05 
26.06 
26.06 
26.06 
26.07 
26.07 
26.07 
26.08 
26.08 
26.08 
26.08 
26.09 
26.09 
26.09 
26.10 
26.10 
26.10 
26.10 
26.10 
26.11 
26.11 
26.11 
26.11 
26.11 
26.12 
26.12 
26.12 
26.12 
26.12 
26.12 
26.12 
26.13 
26.13 
26.13 
26.13 
26.13 
26.13 
26.13 
26.13 
26.13 
26.13 
26.13 
26.13 
26.13 
26.13 
26.13 
26.13 
26.13 
26.13 
26.13 
26.13 
26.13 
26.13 
26.13 
26.13 
26.13 
26.13 
26.13 
26.13 
26.13 
26.13 
26.13 
26.13 
26.13 
26.13 
26.12 
26.12 
26.12 
26.12 
26.12 
26.12 
26.12 
26.11 
26.11 
26.11 
26.11 
26.11 
26.11 
26.10 
26.10 
26.10 
26.10 
26.10 
26.09 
26.09 
26.09 
26.09 
26.08 
26.08 
26.08 
26.08 
26.07 
26.07 
26.07 
26.06 
26.06 
26.06 
26.05 
26.05 
26.05 
26.04 
26.04 
26.04 
26.03 
26.03 
26.03 
26.02 
26.02 
26.02 
26.01 
26.01 
26.00 
26.00 
26.00 
25.99 
25.99 
25.98 
25.98 
25.97 
25.97 
25.97 
25.96 
25.96 
25.95 
25.95 
25.94 
25.94 
25.93 
25.93 
25.92 
25.92 
25.91 
25.91 
25.90 
25.90 
25.89 
25.89 
25.88 
25.87 
25.87 
25.86 
25.86 
25.85 
25.85 
25.84 
25.83 
25.83 
25.82 
25.82 
25.81 
25.80 
25.80 
25.79 
25.79 
25.78 
25.77 
25.77 
25.76 
25.75 
25.75 
25.74 
25.73 
25.73 
25.72 
25.71 
25.71 
25.70 
25.69 
25.69 
25.68 
25.67 
25.66 
25.66 
25.65 
25.64 
25.64 
25.63 
25.62 
25.61 
25.61 
25.60 
25.59 
25.58 
25.57 
25.57 
25.56 
25.55 
25.54 
25.54 
25.53 
25.52 
25.51 
25.50 
25.49 
25.49 
25.48 
25.47 
25.46 
25.45 
25.44 
25.44 
25.43 
25.42 
25.41 
25.40 
25.39 
25.38 
25.38 
25.37 
25.36 
25.35 
25.34 
25.33 
25.32 
25.31 
25.30 
25.29 
25.29 
25.28 
25.27 
25.26 
25.25 
25.24 
25.23 
25.22 
25.21 
25.20 
25.19 
25.18 
25.17 
25.16 
25.15 
25.14 
25.13 
25.12 
25.11 
25.10 
25.09 
25.08 
25.07 
25.06 
25.05 
25.04 
25.03 
25.02 
25.01 
25.00 
24.99 
24.98 
24.97 
24.96 
24.95 
24.94 
24.93 
24.92 
24.91 
24.90 
24.89 
24.88 
24.87 
24.85 
24.84 
24.83 
24.82 
24.81 
24.80 
24.79 
24.78 
24.77 
24.76 
24.75 
24.73 
24.72 
24.71 
24.70 
24.69 
24.68 
24.67 
24.66 
24.64 
24.63 
24.62 
24.61 
24.60 
24.59 
24.58 
24.56 
24.55 
24.54 
24.53 
24.52 
24.51 
24.49 
24.48 
24.47 
24.46 
24.45 
24.43 
24.42 
24.41 
24.40 
24.39 
24.37 
24.36 
24.35 
24.34 
24.33 
24.31 
24.30 
24.29 
24.28 
24.27 
24.25 
24.24 
24.23 
24.22 
24.20 
24.19 
24.18 
24.17 
24.15 
24.14 
24.13 
24.12 
24.10 
24.09 
24.08 
24.07 
24.05 
24.04 
24.03 
24.02 
24.00 
23.99 
23.98 
23.97 
23.95 
23.94 
23.93 
23.91 
23.90 
23.89 
23.88 
23.86 
23.85 
23.84 
23.82 
23.81 
23.80 
23.78 
23.77 
23.76 
23.75 
23.73 
23.72 
23.71 
23.69 
23.68 
23.67 
23.65 
23.64 
23.63 
23.61 
23.60 
23.59 
23.57 
23.56 
23.55 
23.53 
23.52 
23.51 
23.49 
23.48 
23.47 
23.45 
23.44 
23.43 
23.41 
23.40 
23.39 
23.37 
23.36 
23.35 
23.33 
23.32 
23.31 
23.29 
23.28 
23.27 
23.25 
23.24 
23.22 
23.21 
23.20 
23.18 
23.17 
23.16 
23.14 
23.13 
23.11 
23.10 
23.09 
23.07 
23.06 
23.05 
23.03 
23.02 
23.00 
22.99 
22.98 
22.96 
22.95 
22.94 
22.92 
22.91 
22.89 
22.88 
22.87 
22.85 
22.84 
22.83 
22.81 
22.80 
22.78 
22.77 
22.76 
22.74 
22.73 
22.71 
22.70 
22.69 
22.67 
22.66 
22.64 
22.63 
22.62 
22.60 
22.59 
22.58 
22.56 
22.55 
22.53 
22.52 
22.51 
22.49 
22.48 
22.46 
22.45 
22.44 
22.42 
22.41 
22.39 
22.38 
22.37 
22.35 
22.34 
22.32 
22.31 
22.30 
22.28 
22.27 
22.25 
22.24 
22.23 
22.21 
22.20 
22.18 
22.17 
22.16 
22.14 
22.13 
22.11 
22.10 
22.09 
22.07 
22.06 
22.05 
22.03 
22.02 
22.00 
21.99 
21.98 
21.96 
21.95 
21.93 
21.92 
21.91 
21.89 
21.88 
21.86 
21.85 
21.84 
21.82 
21.81 
21.80 
21.78 
21.77 
21.75 
21.74 
21.73 
21.71 
21.70 
21.69 
21.67 
21.66 
21.64 
21.63 
21.62 
21.60 
21.59 
21.58 
21.56 
21.55 
21.53 
21.52 
21.51 
21.49 
21.48 
21.47 
21.45 
21.44 
21.43 
21.41 
21.40 
21.38 
21.37 
21.36 
21.34 
21.33 
21.32 
21.30 
21.29 
21.28 
21.26 
21.25 
21.24 
21.22 
21.21 
21.20 
21.18 
21.17 
21.16 
21.14 
21.13 
21.12 
21.10 
21.09 
21.08 
21.06 
21.05 
21.04 
21.02 
21.01 
21.00 
20.99 
20.97 
20.96 
20.95 
20.93 
20.92 
20.91 
20.89 
20.88 
20.87 
20.85 
20.84 
20.83 
20.82 
20.80 
20.79 
20.78 
20.76 
20.75 
20.74 
20.73 
20.71 
20.70 
20.69 
20.68 
20.66 
20.65 
20.64 
20.63 
20.61 
20.60 
20.59 
20.58 
20.56 
20.55 
20.54 
20.53 
20.51 
20.50 
20.49 
20.48 
20.46 
20.45 
20.44 
20.43 
20.42 
20.40 
20.39 
20.38 
20.37 
20.35 
20.34 
20.33 
20.32 
20.31 
20.29 
20.28 
20.27 
20.26 
20.25 
20.24 
20.22 
20.21 
20.20 
20.19 
20.18 
20.17 
20.15 
20.14 
20.13 
20.12 
20.11 
20.10 
20.09 
20.07 
20.06 
20.05 
20.04 
20.03 
20.02 
20.01 
19.99 
19.98 
19.97 
19.96 
19.95 
19.94 
19.93 
19.92 
19.91 
19.90 
19.88 
19.87 
19.86 
19.85 
19.84 
19.83 
19.82 
19.81 
19.80 
19.79 
19.78 
19.77 
19.76 
19.75 
19.74 
19.73 
19.72 
19.70 
19.69 
19.68 
19.67 
19.66 
19.65 
19.64 
19.63 
19.62 
19.61 
19.60 
19.59 
19.58 
19.57 
19.56 
19.55 
19.55 
19.54 
19.53 
19.52 
19.51 
19.50 
19.49 
19.48 
19.47 
19.46 
19.45 
19.44 
19.43 
19.42 
19.41 
19.40 
19.40 
19.39 
19.38 
19.37 
19.36 
19.35 
19.34 
19.33 
19.32 
19.32 
19.31 
19.30 
19.29 
19.28 
19.27 
19.26 
19.26 
19.25 
19.24 
19.23 
19.22 
19.21 
19.21 
19.20 
19.19 
19.18 
19.17 
19.16 
19.16 
19.15 
19.14 
19.13 
19.13 
19.12 
19.11 
19.10 
19.09 
19.09 
19.08 
19.07 
19.06 
19.06 
19.05 
19.04 
19.03 
19.03 
19.02 
19.01 
19.01 
19.00 
18.99 
18.98 
18.98 
18.97 
18.96 
18.96 
18.95 
18.94 
18.93 
18.93 
18.92 
18.91 
18.91 
18.90 
18.89 
18.89 
18.88 
18.87 
18.87 
18.86 
18.86 
18.85 
18.84 
18.84 
18.83 
18.82 
18.82 
18.81 
18.80 
18.80 
18.79 
18.79 
18.78 
18.77 
18.77 
18.76 
18.76 
18.75 
18.74 
18.74 
18.73 
18.73 
18.72 
18.72 
18.71 
18.70 
18.70 
18.69 
18.69 
18.68 
18.68 
18.67 
18.67 
18.66 
18.66 
18.65 
18.65 
18.64 
18.63 
18.63 
18.62 
18.62 
18.61 
18.61 
18.60 
18.60 
18.59 
18.59 
18.58 
18.58 
18.58 
18.57 
18.57 
18.56 
18.56 
18.55 
18.55 
18.54 
18.54 
18.53 
18.53 
18.52 
18.52 
18.52 
18.51 
18.51 
18.50 
18.50 
18.49 
18.49 
18.49 
18.48 
18.48 
18.47 
18.47 
18.46 
18.46 
18.46 
18.45 
18.45 
18.44 
18.44 
18.44 
18.43 
18.43 
18.43 
18.42 
18.42 
18.41 
18.41 
18.41 
18.40 
18.40 
18.40 
18.39 
18.39 
18.39 
18.38 
18.38 
18.38 
18.37 
18.37 
18.37 
18.36 
18.36 
18.36 
18.35 
18.35 
18.35 
18.34 
18.34 
18.34 
18.33 
18.33 
18.33 
18.32 
18.32 
18.32 
18.32 
18.31 
18.31 
18.31 
18.30 
18.30 
18.30 
18.30 
18.29 
18.29 
18.29 
18.29 
18.28 
18.28 
18.28 
18.28 
18.27 
18.27 
18.27 
18.27 
18.26 
18.26 
18.26 
18.26 
18.25 
18.25 
18.25 
18.25 
18.25 
18.24 
18.24 
18.24 
18.24 
18.23 
18.23 
18.23 
18.23 
18.23 
18.22 
18.22 
18.22 
18.22 
18.22 
18.21 
18.21 
18.21 
18.21 
18.21 
18.21 
18.20 
18.20 
18.20 
18.20 
18.20 
18.20 
18.19 
18.19 
18.19 
18.19 
18.19 
18.19 
18.18 
18.18 
18.18 
18.18 
18.18 
18.18 
18.18 
18.18 
18.17 
18.17 
18.17 
18.17 
18.17 
18.17 
18.17 
18.17 
18.16 
18.16 
18.16 
18.16 
18.16 
18.16 
18.16 
18.16 
18.16 
18.15 
18.15 
18.15 
18.15 
18.15 
18.15 
18.15 
18.15 
18.15 
18.15 
18.15 
18.14 
18.14 
18.14 
18.14 
18.14 
18.14 
18.14 
18.14 
18.14 
18.14 
18.14 
18.14 
18.14 
18.14 
18.14 
18.14 
18.13 
18.13 
18.13 
18.13 
18.13 
18.13 
18.13 
18.13 
18.13 
18.13 
18.13 
18.13 
18.13 
18.13 
18.13 
18.13 
18.13 
18.13 
18.13 
18.13 
18.13 
18.13 
18.13 
18.13 
18.13 
18.13 
18.13 
18.13 
18.13 
18.13 
18.13 
18.13 
18.13 
18.13 
18.13 
18.13 
18.13 
18.13 
18.13 
18.13 
18.13 
18.13 
18.13 
18.13 
18.13 
18.13 
18.13 
18.13 
18.13 
18.13 
18.13 
18.13 
18.13 
18.13 
18.13 
18.13 
18.13 
23.00 
23.00 
23.00 
23.00 
23.00 
23.00 
23.00 
23.00 
23.00 
23.00 
23.00 
23.00 
23.00 
23.00 
23.00 
23.00 
23.00 
22.60 
23.00 
23.10 
23.10 
23.20 
23.20 
23.20 
23.00 
23.00 
23.00 
23.00 
23.00 
23.00 
23.00 
23.00 
23.00 
23.00 
23.00 
23.00 
23.00 
23.00 
23.00 
23.00 
23.00 
22.60 
23.00 
23.10 
23.10 
23.20 
23.20 
23.20 
23.20 
23.20 
23.20 
23.20 
23.20 
23.30 
23.30 
23.20 
23.20 
23.30 
23.20 
23.20 
23.20 
23.20 
23.10 
23.10 
23.10 
23.10 
23.00 
23.00 
23.00 
23.00 
23.00 
23.00 
23.00 
23.00 
23.00 
23.00 
23.00 
23.00 
23.00 
23.00 
23.00 
22.90 
22.90 
22.90 
22.90 
22.90 
22.80 
22.80 
22.80 
22.80 
22.60 
22.50 
22.40 
22.40 
22.40 
22.40 
22.40 
22.40 
22.40 
22.40 
22.40 
22.40 
22.40 
22.40 
22.30 
22.30 
22.30 
22.30 
22.20 
22.20 
22.20 
22.10 
22.10 
22.10 
22.10 
22.00 
22.00 
22.00 
22.00 
22.00 
22.00 
22.00 
21.90 
21.90 
21.90 
21.90 
21.90 
21.90 
21.90 
21.90 
21.90 
21.90 
21.90 
21.90 
21.90 
21.90 
21.90 
21.90 
21.90 
21.90 
21.90 
21.60 
21.50 
21.50 
21.50 
21.50 
21.50 
21.40 
21.40 
21.40 
21.40 
21.40 
21.40 
21.30 
21.30 
21.30 
21.20 
21.20 
21.20 
21.10 
21.10 
21.10 
21.10 
21.00 
21.00 
21.00 
21.00 
21.00 
20.90 
20.90 
20.90 
20.90 
20.90 
20.80 
20.80 
20.80 
20.80 
20.80 
20.70 
20.70 
20.70 
20.60 
20.60 
20.50 
20.50 
20.40 
20.40 
20.30 
20.30 
20.30 
20.30 
20.30 
20.20 
20.20 
20.20 
20.20 
20.10 
20.20 
20.10 
20.10 
20.10 
20.10 
20.10 
20.10 
20.00 
20.00 
19.90 
19.90 
19.80 
19.80 
19.90 
19.90 
19.90 
19.90 
19.90 
19.90 
19.90 
19.90 
19.90 
19.90 
20.00 
19.90 
19.90 
20.00 
20.00 
20.00 
20.00 
19.90 
19.90 
19.90 
19.90 
19.90 
19.90 
19.90 
19.90 
19.90 
19.90 
19.90 
19.90 
19.90 
19.90 
19.90 
19.90 
19.90 
19.90 
19.80 
19.80 
19.90 
19.80 
19.80 
19.80 
19.80 
19.80 
19.80 
19.90 
19.80 
19.80 
19.80 
19.80 
19.80 
19.80 
19.80 
19.80 
19.80 
19.80 
19.80 
19.80 
19.80 
19.80 
19.80 
19.80 
19.80 
19.80 
19.80 
19.80 
19.80 
19.80 
19.80 
19.70 
19.70 
19.70 
19.80 
19.80 
19.80 
19.80 
19.80 
19.80 
19.80 
19.90 
20.00 
20.00 
20.10 
20.20 
26.40 
25.60 
25.20 
24.90 
24.80 
24.70 
24.50 
24.40 
24.30 
24.30 
24.20 
24.10 
24.70 
24.80 
24.80 
24.70 
24.60 
24.50 
24.40 
24.40 
24.40 
24.30 
24.20 
24.20 
24.10 
24.10 
24.10 
24.10 
24.00 
24.00 
24.00 
23.90 
23.90 
23.80 
23.80 
23.80 
23.70 
23.70 
23.70 
23.70 
23.60 
23.80 
24.00 
24.10 
24.20 
24.20 
24.20 
24.20 
24.20 
24.10 
24.10 
24.10 
24.10 
24.00 
24.00 
24.00 
24.00 
23.80 
23.80 
23.70 
23.80 
27.70 
26.90 
27.40 
26.80 
26.70 
26.70 
26.60 
26.50 
26.40 
26.90 
26.90 
26.60 
26.50 
26.30 
26.20 
26.20 
26.10 
26.00 
26.00 
25.90 
25.90 
25.80 
25.70 
25.60 
25.60 
25.50 
25.50 
25.40 
25.40 
25.80 
26.00 
26.00 
25.90 
25.90 
25.80 
25.70 
25.50 
25.40 
25.40 
25.40 
25.40 
25.30 
25.20 
25.20 
25.20 
25.10 
25.10 
25.00 
25.00 
24.90 
24.90 
24.90 
24.90 
24.90 
24.80 
24.80 
24.80 
24.80 
24.80 
24.80 
24.70 
24.70 
24.70 
24.70 
24.60 
24.60 
24.60 
24.50 
24.50 
24.40 
24.40 
24.40 
24.30 
24.40 
24.80 
25.40 
25.40 
25.40 
25.30 
25.30 
25.20 
25.10 
25.10 
25.10 
25.00 
25.00 
25.00 
24.90 
24.90 
24.90 
24.80 
24.80 
24.70 
24.70 
24.70 
24.70 
24.70 
24.60 
24.60 
24.60 
24.60 
24.60 
24.60 
24.50 
24.50 
24.50 
24.50 
24.50 
24.50 
24.50 
24.50 
24.50 
24.40 
24.40 
24.40 
24.40 
24.30 
24.30 
24.30 
24.30 
24.30 
24.20 
24.20 
24.20 
24.20 
24.20 
24.20 
24.20 
24.20 
24.20 
24.20 
24.20 
24.10 
24.10 
24.10 
24.10 
24.10 
24.00 
24.00 
24.00 
24.00 
23.90 
23.90 
23.90 
23.80 
23.80 
23.80 
23.80 
23.80 
23.80 
23.80 
23.80 
23.70 
23.70 
23.70 
23.70 
23.70 
23.70 
23.70 
23.60 
23.60 
23.60 
23.50 
23.50 
23.50 
23.40 
23.40 
23.40 
23.40 
23.40 
23.30 
23.30 
23.30 
23.30 
23.30 
23.30 
23.20 
23.30 
23.20 
23.20 
23.20 
23.20 
23.20 
23.20 
23.20 
23.10 
23.10 
23.10 
23.00 
23.00 
22.90 
22.90 
22.90 
22.80 
22.80 
22.80 
22.80 
22.80 
22.80 
22.70 
22.70 
22.70 
22.70 
22.70 
22.70 
22.70 
22.60 
22.70 
22.60 
22.60 
22.60 
22.50 
22.50 
22.40 
22.40 
22.40 
22.30 
22.30 
22.30 
22.20 
22.20 
22.20 
22.20 
22.20 
22.20 
22.10 
22.10 
22.10 
22.10 
22.10 
22.10 
22.00 
22.00 
22.00 
21.90 
21.90 
21.80 
21.80 
21.70 
21.70 
21.60 
21.60 
21.60 
21.50 
21.50 
21.50 
21.40 
21.40 
21.40 
21.40 
21.40 
21.30 
21.30 
21.30 
21.30 
21.30 
21.30 
21.30 
21.20 
21.10 
21.10 
21.00 
21.00 
20.90 
20.90 
20.90 
20.80 
20.70 
20.70 
20.70 
20.70 
20.60 
20.60 
20.60 
20.60 
20.50 
20.50 
20.50 
20.50 
20.40 
20.40 
20.40 
20.30 
20.30 
20.20 
20.10 
20.10 
20.00 
19.90 
19.90 
19.80 
19.80 
19.80 
19.70 
19.70 
19.70 
19.70 
19.70 
19.60 
19.60 
19.60 
19.60 
19.60 
19.60 
19.50 
19.50 
19.50 
19.40 
19.30 
19.20 
19.20 
19.10 
19.10 
19.00 
19.00 
18.90 
18.90 
18.90 
18.90 
18.90 
18.80 
18.80 
18.80 
18.80 
18.80 
18.80 
18.80 
18.70 
18.70 
18.70 
18.70 
18.60 
18.60 
18.50 
21.30 
20.60 
20.20 
20.00 
19.80 
19.70 
19.60 
19.50 
19.50 
19.40 
19.40 
19.40 
19.40 
19.30 
19.30 
19.30 
19.30 
19.30 
19.30 
19.30 
20.00 
20.10 
25.80 
24.00 
23.90 
23.60 
23.40 
23.30 
23.20 
23.10 
23.10 
23.00 
23.00 
22.90 
22.80 
22.80 
22.70 
22.70 
22.60 
22.60 
22.60 
22.60 
22.50 
22.50 
22.40 
22.40 
22.40 
22.40 
30.10 
26.60 
25.60 
25.10 
24.80 
24.60 
24.40 
24.30 
24.20 
24.10 
24.10 
24.00 
24.00 
23.90 
23.90 
23.80 
23.80 
23.70 
23.70 
23.60 
23.60 
23.50 
23.50 
23.40 
23.30 
23.30 
23.20 
23.20 
23.20 
23.20 
23.10 
23.10 
23.10 
23.10 
23.10 
23.00 
23.00 
23.00 
23.00 
22.90 
22.90 
22.90 
22.90 
22.80 
22.80 
22.70 
22.70 
22.60 
22.60 
22.50 
22.50 
22.50 
22.50 
22.40 
22.40 
22.40 
22.40 
22.40 
22.30 
22.30 
22.30 
22.30 
22.30 
22.30 
22.30 
22.20 
22.20 
22.20 
22.10 
22.00 
22.00 
22.00 
21.90 
21.90 
21.80 
21.80 
21.80 
21.80 
21.70 
21.70 
21.70 
21.60 
21.60 
21.70 
21.70 
21.60 
21.60 
21.60 
21.60 
21.70 
21.60 
21.60 
21.50 
21.40 
21.40 
21.30 
21.30 
21.30 
21.20 
21.20 
21.20 
21.10 
21.10 
21.10 
21.00 
21.00 
20.90 
20.90 
20.90 
20.80 
20.80 
20.80 
20.80 
20.80 
20.70 
20.70 
20.70 
20.60 
20.60 
20.50 
20.50 
20.40 
20.40 
20.40 
20.30 
20.30 
20.30 
20.30 
20.20 
20.20 
20.20 
20.20 
20.20 
20.10 
20.10 
20.10 
20.10 
20.10 
20.00 
20.00 
19.90 
19.90 
19.80 
19.80 
19.70 
19.70 
19.60 
19.60 
19.60 
19.50 
19.50 
19.40 
19.40 
19.40 
19.40 
19.40 
19.30 
19.30 
19.30 
19.30 
19.30 
19.20 
19.20 
19.20 
19.20 
19.20 
19.10 
19.10 
19.00 
19.00 
18.90 
18.90 
18.80 
18.80 
18.80 
18.70 
18.70 
18.70 
18.60 
18.60 
18.60 
18.60 
18.60 
18.60 
18.60 
18.50 
18.50 
18.50 
18.50 
18.40 
18.30 
18.20 
18.20 
18.10 
18.10 
18.00 
18.00 
18.00 
17.90 
17.90 
17.90 
17.90 
17.90 
17.90 
17.80 
17.90 
17.80 
17.80 
17.80 
17.80 
17.80 
17.80 
17.80 
17.80 
17.80 
17.80 
17.80 
17.80 
17.80 
17.80 
17.80 
17.80 
17.80 
17.70 
26.70 
25.00 
23.60 
23.20 
22.90 
22.70 
22.50 
22.50 
22.60 
22.70 
22.60 
22.80 
23.10 
23.00 
22.90 
22.70 
22.60 
22.50 
22.40 
22.40 
22.30 
22.30 
22.20 
22.20 
22.10 
22.10 
22.10 
22.00 
22.00 
21.80 
21.80 
21.80 
21.80 
21.80 
21.80 
21.80 
21.80 
21.80 
21.70 
21.70 
21.70 
21.70 
21.70 
21.70 
21.60 
21.60 
21.60 
21.60 
21.60 
21.60 
21.60 
21.60 
21.60 
21.60 
21.60 
21.60 
21.60 
21.60 
21.50 
21.50 
21.50 
21.50 
21.40 
21.40 
21.30 
21.30 
21.30 
21.30 
21.30 
21.30 
21.30 
21.30 
21.40 
21.30 
21.30 
21.30 
21.40 
21.30 
21.40 
21.40 
21.40 
21.30 
21.30 
21.30 
21.30 
21.20 
21.20 
21.20 
21.10 
21.10 
21.10 
20.90 
20.90 
20.80 
20.80 
20.80 
20.80 
20.80 
20.70 
20.70 
20.70 
20.70 
20.70 
20.70 
20.70 
20.60 
20.60 
20.60 
20.50 
20.50 
20.40 
20.40 
20.30 
20.30 
20.30 
20.20 
20.20 
20.20 
20.20 
20.20 
20.10 
20.10 
20.10 
20.10 
20.10 
20.10 
20.00 
20.00 
20.00 
20.00 
20.00 
19.90 
19.90 
19.80 
19.80 
19.70 
19.60 
19.60 
19.60 
19.50 
19.50 
19.50 
19.40 
19.40 
19.40 
19.40 
19.40 
19.30 
19.30 
19.30 
19.30 
19.30 
19.30 
19.20 
19.20 
19.20 
19.10 
19.00 
19.00 
18.90 
18.80 
18.80 
18.80 
18.70 
18.70 
18.60 
18.60 
18.60 
18.60 
18.60 
18.60 
18.50 
18.50 
18.50 
18.50 
18.50 
18.40 
18.40 
18.40 
18.40 
18.30 
18.30 
18.20 
18.20 
22.30 
21.30 
21.00 
20.80 
20.60 
20.50 
20.50 
20.50 
20.50 
20.50 
20.50 
20.50 
20.50 
20.50 
20.50 
20.50 
20.50 
20.40 
20.30 
20.20 
20.20 
20.10 
20.10 
19.90 
19.90 
19.90 
19.90 
19.90 
19.90 
19.90 
19.90 
19.90 
19.90 
19.90 
19.90 
19.90 
19.90 
19.90 
19.90 
19.90 
19.90 
20.00 
20.00 
20.00 
20.00 
19.90 
19.90 
19.80 
19.80 
19.80 
19.80 
19.80 
19.80 
19.80 
19.80 
19.80 
19.80 
19.80 
19.80 
19.80 
19.80 
19.80 
19.80 
19.80 
19.80 
19.80 
19.70 
19.70 
19.60 
19.60 
19.50 
19.50 
19.50 
19.40 
19.40 
19.40 
19.40 
19.40 
19.40 
19.40 
19.40 
19.40 
19.30 
19.30 
19.30 
19.30 
19.30 
19.30 
19.30 
19.30 
19.20 
19.20 
19.20 
19.10 
19.00 
19.10 
19.00 
19.00 
19.00 
19.00 
19.00 
19.00 
19.10 
19.10 
19.10 
19.10 
19.40 
19.30 
19.30 
19.30 
19.30 
19.30 
19.30 
19.30 
19.20 
19.20 
19.10 
19.10 
19.00 
18.90 
19.00 
18.90 
19.00 
18.90 
18.80 
18.80 
18.80 
18.70 
18.70 
18.70 
18.70 
18.70 
18.70 
18.70 
18.70 
18.70 
18.70 
18.70 
18.60 
18.60 
18.50 
18.50 
18.30 
18.30 
18.20 
18.20 
18.10 
18.10 
18.10 
18.10 
18.00 
18.00 
18.00 
18.00 
18.00 
18.00 
18.00 
18.00 
18.00 
18.00 
17.90 
17.90 
17.90 
17.80 
17.70 
17.60 
21.30 
19.70 
19.30 
19.10 
19.00 
18.90 
18.90 
18.90 
18.80 
18.80 
18.80 
18.90 
18.80 
18.80 
18.90 
18.90 
18.90 
18.90 
18.90 
18.80 
18.80 
18.80 
18.80 
18.70 
18.60 
18.60 
18.50 
18.50 
18.50 
18.60 
18.50 
18.60 
18.60 
18.60 
18.60 
18.60 
18.60 
18.60 
18.60 
18.60 
18.60 
18.60 
18.60 
18.60 
18.50 
18.50 
18.40 
18.30 
18.30 
18.20 
18.20 
18.10 
18.10 
18.10 
18.10 
18.10 
18.10 
18.10 
18.10 
18.10 
18.10 
18.10 
18.10 
18.10 
18.10 
18.10 
18.10 
18.10 
18.00 
18.00 
17.90 
17.80 
17.70 
17.60 
17.60 
17.60 
17.60 
17.50 
17.50 
17.50 
17.50 
17.50 
17.50 
17.50 
17.50 
17.50 
17.50 
17.50 
17.50 
17.50 
17.50 
17.40 
17.40 
17.30 
17.20 
17.10 
17.00 
16.90 
16.80 
16.70 
16.70 
16.70 
16.70 
16.70 
16.70 
16.70 
16.70 
16.70 
16.70 
16.60 
16.60 
16.60 
16.60 
16.60 
16.60 
16.60 
16.50 
16.40 
16.30 
16.20 
16.00 
15.90 
15.90 
15.80 
15.80 
15.80 
15.70 
15.70 
15.70 
15.70 
15.70 
15.70 
15.70 
15.70 
15.70 
15.70 
15.70 
15.70 
15.70 
15.60 
15.60 
15.50 
15.40 
15.30 
15.10 
15.00 
14.90 
14.90 
14.90 
14.80 
14.80 
14.80 
14.80 
14.80 
14.80 
14.80 
14.80 
14.80 
14.80 
14.80 
14.80 
14.80 
14.80 
14.80 
14.70 
14.60 
14.50 
14.40 
14.30 
14.20 
14.20 
14.10 
14.10 
14.10 
14.10 
14.10 
14.10 
14.20 
14.10 
14.10 
14.10 
14.10 
14.10 
14.10 
14.10 
14.10 
14.10 
14.10 
14.10 
14.10 
14.10 
14.00 
13.90 
14.00 
14.00 
14.20 
14.20 
14.20 
14.20 
14.20 
14.20 
14.20 
14.20 
14.20 
14.20 
14.20 
14.20 
14.20 
14.20 
14.20 
14.30 
14.30 
14.20 
14.20 
14.20 
14.20 
14.20 
14.20 
14.20 
14.20 
14.20 
14.20 
14.30 
14.30 
14.30 
14.30 
14.40 
14.40 
14.40 
14.40 
14.40 
14.50 
14.40 
14.50 
14.50 
14.50 
14.50 
15.70 
15.60 
15.50 
15.40 
15.40 
15.40 
15.40 
15.40 
15.40 
15.40 
15.40 
15.50 
15.40 
15.50 
15.50 
15.50 
15.50 
15.50 
15.50 
15.50 
15.50 
15.50 
15.50 
15.50 
15.50 
15.50 
15.40 
15.40 
15.30 
15.30 
15.30 
15.30 
15.30 
15.40 
15.40 
15.40 
15.40 
15.40 
15.40 
15.40 
15.40 
15.40 
15.40 
15.40 
15.40 
15.40 
15.40 
15.40 
15.40 
15.30 
15.20 
15.20 
15.10 
15.10 
18.10 
17.00 
16.90 
17.00 
17.00 
17.10 
17.10 
17.20 
17.20 
17.30 
17.30 
17.40 
17.40 
17.40 
17.50 
17.50 
17.50 
17.50 
17.40 
17.40 
17.30 
17.30 
17.20 
17.20 
17.20 
17.20 
17.20 
17.30 
17.30 
17.30 
17.30 
17.30 
17.30 
17.30 
17.30 
17.30 
17.40 
17.30 
17.40 
17.30 
17.30 
17.30 
17.20 
17.10 
17.00 
16.90 
16.80 
16.80 
16.80 
16.80 
16.80 
16.80 
16.80 
16.80 
16.80 
16.80 
16.80 
16.80 
16.80 
16.80 
16.80 
16.80 
16.80 
16.80 
16.80 
16.70 
16.70 
16.60 
16.60 
16.50 
16.40 
16.30 
16.30 
16.30 
16.30 
16.30 
16.40 
16.30 
16.40 
16.30 
16.40 
16.30 
16.30 
16.30 
16.30 
16.30 
16.40 
16.40 
16.40 
16.40 
16.30 
16.30 
16.20 
16.10 
16.10 
16.10 
16.00 
16.00 
16.00 
16.10 
16.00 
16.10 
16.10 
16.10 
16.10 
16.10 
16.10 
16.10 
16.10 
16.10 
16.10 
16.10 
16.10 
16.00 
16.00 
15.90 
15.80 
15.70 
15.70 
15.60 
15.60 
15.60 
16.90 
16.60 
16.60 
16.60 
16.60 
16.70 
16.70 
16.70 
16.80 
16.80 
16.90 
16.90 
17.00 
17.00 
17.10 
17.00 
17.00 
17.00 
17.00 
16.90 
16.80 
16.90 
16.90 
17.00 
17.10 
17.10 
17.20 
17.30 
17.30 
17.40 
17.40 
17.40 
17.50 
17.50 
17.50 
17.50 
17.50 
17.50 
17.50 
17.50 
17.50 
17.50 
17.40 
17.30 
17.20 
17.20 
17.20 
17.20 
17.20 
17.30 
17.30 
17.30 
17.30 
17.30 
17.30 
17.30 
17.30 
17.30 
17.30 
17.30 
17.30 
17.30 
17.30 
17.30 
17.20 
17.20 
17.10 
17.00 
16.90 
16.90 
16.90 
16.90 
16.90 
16.90 
16.90 
16.90 
16.90 
16.90 
16.90 
16.90 
16.90 
16.90 
16.90 
16.90 
16.90 
16.90 
16.90 
16.80 
16.70 
16.70 
16.60 
16.50 
16.40 
16.40 
16.30 
16.30 
16.30 
16.30 
16.40 
16.40 
16.30 
16.40 
16.30 
16.30 
16.30 
16.30 
16.30 
16.30 
16.30 
16.30 
16.20 
16.20 
16.10 
16.10 
16.00 
15.90 
15.80 
15.80 
15.70 
15.70 
15.70 
15.70 
15.70 
15.70 
15.70 
15.70 
15.70 
15.70 
15.70 
15.70 
15.70 
15.70 
15.70 
15.70 
15.70 
15.60 
15.60 
15.50 
15.40 
15.30 
15.30 
15.20 
15.20 
15.20 
15.20 
15.20 
15.20 
15.20 
15.20 
15.20 
15.20 
15.20 
15.20 
15.20 
15.20 
15.10 
15.10 
15.10 
15.10 
15.10 
15.00 
15.00 
14.90 
14.80 
14.70 
14.70 
14.70 
14.70 
14.70 
14.60 
14.70 
14.60 
14.50 
14.80 
14.70 
14.70 
14.70 
14.70 
14.70 
14.70 
14.70 
14.70 
14.70 
14.70 
14.70 
14.70 
14.70 
14.60 
14.60 
14.60 
14.50 
14.50 
14.50 
14.50 
14.60 
14.60 
14.50 
14.50 
14.60 
14.60 
14.50 
14.60 
14.60 
14.60 
14.50 
14.60 
14.50 
14.50 
14.50 
14.40 
14.40 
14.40 
14.30 
14.30 
14.30 
14.30 
14.20 
14.20 
14.30 
14.20 
14.30 
14.20 
14.20 
14.20 
14.20 
14.20 
14.20 
14.20 
14.20 
14.20 
14.20 
14.20 
14.10 
14.10 
14.00 
13.90 
13.90 
13.80 
13.80 
13.80 
13.80 
13.80 
13.80 
13.80 
13.80 
13.80 
13.70 
13.80 
13.80 
13.70 
13.70 
13.70 
13.70 
13.70 
13.70 
13.60 
13.60 
13.60 
13.50 
13.40 
13.30 
13.30 
13.30 
13.20 
13.30 
13.20 
13.20 
13.20 
13.20 
13.20 
13.20 
13.20 
13.10 
13.20 
13.20 
13.20 
13.20 
13.10 
13.10 
13.10 
13.00 
13.00 
12.90 
12.80 
12.70 
12.70 
12.60 
12.60 
12.60 
12.60 
12.60 
12.60 
12.60 
12.60 
12.60 
12.60 
12.60 
12.60 
12.50 
12.60 
12.50 
12.50 
12.50 
12.40 
12.40 
12.30 
12.20 
12.10 
12.10 
12.00 
12.10 
12.00 
12.00 
12.00 
12.00 
12.00 
12.00 
12.00 
12.00 
12.00 
12.00 
12.00 
11.90 
11.90 
12.00 
11.90 
11.90 
11.80 
11.80 
11.80 
11.70 
11.70 
11.60 
11.60 
11.60 
11.60 
11.60 
11.60 
11.60 
11.60 
11.60 
11.60 
11.50 
11.50 
11.60 
11.50 
11.50 
11.50 
11.50 
11.50 
11.50 
11.50 
11.40 
11.40 
11.20 
11.20 
11.20 
11.20 
11.20 
11.20 
11.20 
11.20 
11.30 
11.30 
11.30 
11.30 
11.30 
11.30 
11.30 
11.30 
11.30 
11.30 
11.30 
11.30 
11.30 
11.30 
11.40 
11.40 
11.40 
11.40 
11.40 
11.40 
11.40 
11.40 
11.40 
11.40 
11.40 
11.40 
11.40 
11.40 
11.40 
11.40 
11.40 
11.40 
11.40 
11.40 
11.40 
11.40 
11.40 
11.40 
11.40 
11.30 
11.30 
11.20 
11.20 
11.20 
11.20 
11.20 
11.20 
11.20 
11.20 
11.20 
11.20 
11.20 
11.20 
11.20 
11.20 
11.20 
11.20 
11.20 
11.20 
11.20 
11.20 
11.20 
11.10 
11.10 
11.00 
11.00 
10.90 
10.90 
10.90 
10.90 
10.90 
10.90 
10.90 
10.90 
10.90 
10.90 
10.90 
10.80 
10.90 
10.80 
10.90 
10.90 
10.80 
10.80 
10.80 
10.80 
10.80 
17.10 
17.70 
16.30 
15.60 
17.20 
17.40 
16.70 
19.00 
22.60 
20.00 
19.30 
21.40 
20.60 
19.70 
19.30 
20.40 
19.80 
19.50 
19.50 
19.40 
19.30 
19.20 
19.10 
19.00 
20.40 
21.20 
20.40 
20.00 
19.80 
19.60 
19.50 
19.40 
19.30 
19.20 
19.20 
19.70 
20.00 
20.00 
19.90 
19.80 
19.70 
19.60 
19.60 
19.90 
19.90 
22.30 
21.50 
20.80 
20.40 
20.10 
20.00 
19.80 
19.70 
19.60 
19.50 
19.50 
19.40 
19.40 
19.30 
19.30 
19.20 
19.20 
19.20 
19.20 
19.20 
19.30 
19.30 
19.40 
19.40 
19.40 
19.30 
19.30 
19.20 
19.10 
19.10 
19.00 
19.00 
18.90 
18.90 
18.90 
18.90 
18.90 
18.80 
18.90 
18.90 
18.80 
18.80 
18.80 
18.80 
18.80 
18.70 
18.70 
18.70 
18.70 
18.70 
18.60 
18.60 
18.60 
18.60 
18.50 
18.50 
18.50 
18.50 
18.40 
18.60 
18.60 
18.60 
18.60 
18.70 
18.80 
19.00 
19.10 
19.20 
19.30 
19.30 
19.40 
19.40 
19.40 
19.40 
19.40 
19.40 
19.40 
19.30 
19.30 
19.30 
19.10 
19.10 
19.10 
19.10 
19.10 
19.10 
19.10 
19.10 
19.10 
19.10 
19.10 
19.00 
19.00 
19.00 
18.90 
19.00 
18.90 
18.90 
18.80 
18.90 
18.80 
18.80 
18.70 
18.70 
18.70 
18.70 
18.70 
18.70 
18.70 
18.70 
18.70 
18.70 
18.70 
18.70 
18.70 
18.70 
18.70 
18.80 
18.90 
18.90 
19.00 
19.00 
18.90 
18.90 
18.90 
18.90 
18.90 
18.90 
18.90 
18.90 
19.00 
18.90 
18.90 
18.90 
19.00 
19.20 
19.40 
19.40 
19.50 
19.50 
19.50 
19.50 
19.50 
19.50 
19.40 
19.40 
19.40 
19.30 
19.40 
19.30 
19.20 
19.20 
19.10 
19.10 
19.10 
19.10 
19.10 
19.10 
19.10 
19.10 
19.10 
19.10 
19.00 
19.00 
19.00 
19.00 
19.00 
19.00 
19.00 
18.90 
18.90 
18.80 
18.80 
18.70 
18.60 
18.60 
18.60 
18.60 
18.60 
18.50 
18.50 
18.60 
18.50 
18.50 
18.50 
18.50 
18.50 
18.50 
18.50 
18.50 
18.50 
18.50 
18.40 
18.40 
18.40 
18.30 
18.20 
18.20 
18.10 
18.10 
18.00 
18.00 
18.00 
18.00 
18.00 
18.00 
18.00 
18.00 
18.00 
18.00 
18.00 
17.90 
17.90 
17.90 
17.90 
17.90 
17.90 
17.90 
17.80 
17.70 
17.70 
17.60 
17.60 
17.60 
17.50 
17.50 
17.50 
17.50 
17.50 
17.50 
17.50 
17.50 
17.50 
17.50 
17.50 
17.50 
17.60 
17.60 
17.60 
17.60 
17.60 
17.60 
17.60 
17.70 
17.70 
17.70 
17.70 
17.70 
17.80 
17.80 
17.90 
21.80 
20.80 
20.40 
20.10 
20.00 
19.80 
19.80 
19.70 
20.00 
22.00 
21.60 
21.40 
21.00 
20.70 
20.40 
20.30 
20.30 
20.50 
21.50 
21.40 
21.20 
21.00 
20.70 
20.50 
20.40 
20.30 
20.10 
20.10 
20.00 
19.90 
19.90 
19.90 
19.90 
19.80 
19.80 
19.70 
19.70 
19.60 
19.60 
19.60 
19.60 
19.60 
19.70 
19.70 
19.70 
19.70 
19.70 
20.40 
21.60 
21.70 
22.50 
21.60 
21.20 
20.90 
20.70 
20.60 
20.50 
20.40 
20.30 
20.20 
20.20 
20.10 
20.10 
20.00 
20.00 
19.90 
19.90 
19.90 
19.80 
19.80 
19.70 
19.70 
19.70 
19.70 
19.70 
19.70 
19.60 
19.60 
19.60 
19.60 
19.60 
19.60 
19.50 
19.60 
19.50 
19.50 
19.50 
19.50 
19.50 
19.40 
19.30 
19.30 
19.30 
19.20 
19.30 
19.20 
19.20 
19.20 
19.20 
19.20 
19.20 
19.20 
19.20 
19.10 
19.10 
19.10 
19.10 
19.10 
19.10 
19.10 
19.00 
18.90 
18.90 
18.80 
18.80 
18.70 
18.70 
18.70 
18.60 
18.60 
18.60 
18.60 
18.60 
18.60 
18.60 
18.60 
18.60 
18.50 
18.50 
18.50 
18.50 
18.50 
18.50 
18.50 
18.40 
18.40 
18.30 
18.30 
18.10 
18.10 
18.10 
18.10 
18.10 
18.00 
18.00 
18.00 
18.00 
18.00 
18.00 
18.00 
17.90 
18.00 
17.90 
17.90 
17.90 
17.90 
17.90 
17.80 
17.80 
17.70 
17.70 
17.60 
17.50 
17.50 
17.50 
17.50 
17.40 
17.40 
17.40 
17.40 
17.40 
17.40 
17.40 
17.40 
17.30 
17.30 
17.30 
17.30 
17.30 
17.20 
17.20 
17.20 
17.10 
17.10 
17.00 
16.90 
16.90 
16.80 
16.70 
16.70 
16.70 
16.70 
16.60 
16.60 
16.60 
16.60 
16.60 
16.50 
16.60 
16.50 
16.50 
16.50 
16.50 
16.50 
16.40 
16.50 
16.40 
16.40 
16.30 
16.20 
16.20 
16.10 
16.10 
16.10 
16.10 
16.10 
16.10 
16.10 
16.10 
16.10 
16.00 
16.00 
16.00 
16.00 
16.00 
16.00 
16.00 
15.90 
15.90 
15.90 
15.90 
15.80 
15.80 
15.70 
15.70 
15.60 
15.60 
15.60 
15.60 
15.50 
15.50 
15.50 
15.50 
15.50 
15.50 
15.50 
15.50 
15.50 
15.50 
15.50 
15.50 
15.40 
15.40 
15.40 
15.40 
15.30 
15.30 
15.20 
15.20 
15.10 
15.10 
15.10 
15.10 
15.10 
15.10 
15.10 
15.10 
15.00 
15.00 
15.00 
15.00 
15.00 
15.00 
15.00 
15.00 
15.00 
15.00 
15.00 
14.90 
14.90 
14.90 
14.80 
14.80 
14.80 
14.70 
14.70 
14.70 
14.70 
14.70 
14.70 
14.70 
14.70 
14.70 
14.60 
14.70 
14.60 
14.70 
14.60 
14.60 
14.60 
14.60 
14.60 
14.60 
14.60 
14.50 
14.50 
14.50 
14.50 
14.40 
14.40 
14.40 
14.40 
14.40 
14.40 
14.40 
14.40 
14.40 
14.40 
14.40 
14.40 
14.30 
14.30 
14.40 
14.30 
14.30 
14.30 
14.30 
14.30 
14.30 
14.30 
14.20 
14.20 
14.20 
14.20 
14.20 
14.20 
14.20 
14.20 
14.20 
14.20 
14.20 
14.10 
14.20 
14.10 
14.10 
14.20 
14.20 
14.10 
14.10 
14.10 
14.10 
14.10 
14.10 
14.00 
14.10 
14.00 
14.00 
14.00 
14.00 
14.00 
14.00 
14.00 
13.90 
14.00 
14.00 
14.00 
13.90 
13.90 
13.90 
13.90 
13.90 
13.90 
13.90 
13.90 
13.90 
13.90 
13.90 
13.80 
13.80 
13.70 
13.80 
13.80 
13.80 
13.70 
13.70 
13.70 
13.70 
13.70 
13.70 
13.70 
13.70 
13.70 
13.70 
13.70 
13.70 
13.70 
13.70 
13.70 
13.70 
13.60 
13.60 
13.60 
13.60 
13.60 
13.60 
13.50 
13.50 
13.50 
13.50 
13.50 
13.50 
13.50 
13.50 
13.50 
13.50 
13.50 
13.50 
13.50 
13.50 
13.50 
13.50 
13.40 
13.40 
13.40 
13.40 
13.30 
13.30 
13.30 
13.30 
13.30 
13.30 
13.30 
13.30 
13.30 
13.30 
13.30 
13.30 
13.30 
13.30 
13.30 
13.20 
13.20 
13.20 
13.20 
13.20 
13.20 
13.20 
13.20 
13.20 
13.10 
13.10 
13.10 
13.10 
13.00 
13.00 
13.00 
13.00 
13.00 
13.00 
13.00 
13.00 
13.00 
13.00 
13.00 
13.00 
13.00 
13.00 
13.00 
13.00 
13.00 
13.00 
12.90 
12.90 
12.90 
12.90 
12.90 
12.90 
12.80 
12.90 
12.80 
12.80 
12.80 
12.80 
12.80 
12.80 
12.80 
12.80 
12.80 
12.80 
12.80 
12.80 
12.80 
12.80 
12.80 
12.80 
12.80 
12.70 
12.70 
12.70 
12.60 
12.60 
12.60 
12.60 
12.60 
12.60 
12.60 
12.60 
12.60 
12.60 
12.60 
12.50 
12.60 
12.60 
12.60 
12.60 
12.50 
12.50 
12.50 
12.50 
12.50 
12.40 
12.40 
12.40 
12.40 
12.40 
12.30 
12.30 
12.30 
12.30 
12.30 
12.20 
12.30 
12.30 
12.30 
12.30 
12.20 
12.20 
12.20 
12.20 
12.20 
12.20 
12.20 
12.20 
12.20 
12.20 
12.10 
12.10 
12.10 
12.00 
12.10 
12.00 
12.00 
12.00 
12.00 
12.00 
12.00 
12.00 
12.00 
12.00 
12.00 
12.00 
12.00 
12.00 
12.00 
11.90 
11.90 
11.90 
11.90 
11.90 
11.90 
11.80 
11.80 
11.80 
11.80 
11.80 
11.80 
11.70 
11.70 
11.70 
11.70 
11.70 
11.70 
11.70 
11.70 
11.70 
11.70 
11.70 
11.70 
11.70 
11.60 
11.70 
11.60 
11.60 
11.60 
11.50 
11.50 
11.50 
11.50 
11.50 
11.50 
11.50 
11.40 
11.50 
11.50 
11.50 
11.50 
11.40 
11.50 
11.40 
11.40 
11.40 
11.40 
11.40 
11.40 
11.40 
11.40 
11.30 
11.30 
11.30 
11.30 
11.30 
11.30 
11.20 
11.20 
11.20 
11.20 
11.20 
11.20 
11.20 
11.20 
11.10 
11.10 
11.10 
11.10 
11.20 
11.10 
11.10 
11.10 
11.10 
11.10 
11.00 
11.10 
11.00 
11.00 
11.00 
11.00 
10.90 
10.90 
10.80 
10.90 
13.50 
12.50 
12.20 
12.10 
12.00 
11.90 
11.90 
11.90 
11.90 
11.90 
12.00 
16.40 
15.00 
14.40 
14.10 
13.90 
13.70 
13.60 
13.60 
13.60 
13.70 
13.60 
13.80 
13.90 
14.10 
14.10 
14.20 
14.30 
14.30 
14.50 
14.70 
14.80 
15.00 
15.40 
15.40 
15.50 
15.70 
16.00 
18.00 
17.40 
17.40 
17.30 
17.30 
17.30 
17.30 
17.30 
17.40 
17.30 
17.40 
17.40 
17.40 
17.40 
17.40 
17.40 
17.40 
17.40 
17.40 
17.40 
17.40 
17.40 
17.40 
17.40 
17.30 
17.30 
17.30 
17.30 
17.30 
17.20 
17.20 
17.20 
17.20 
17.20 
17.20 
17.20 
17.20 
17.20 
17.20 
17.20 
17.10 
17.10 
17.20 
17.10 
17.10 
17.10 
17.10 
17.00 
17.00 
17.00 
16.90 
16.90 
16.90 
16.90 
16.90 
16.80 
16.80 
16.90 
16.80 
16.80 
16.80 
16.80 
16.80 
16.80 
16.80 
16.80 
16.80 
16.80 
16.80 
16.80 
16.70 
16.70 
16.60 
16.60 
16.60 
16.50 
16.50 
16.50 
16.50 
16.50 
16.50 
16.50 
16.50 
16.40 
16.40 
16.40 
16.40 
16.40 
16.40 
16.40 
16.40 
16.40 
16.30 
16.30 
16.30 
16.20 
16.20 
16.20 
16.10 
16.10 
16.10 
16.00 
16.10 
16.00 
16.10 
16.00 
16.00 
16.00 
16.00 
16.00 
16.00 
16.00 
16.00 
16.00 
15.90 
15.90 
15.90 
15.90 
15.90 
15.80 
15.80 
15.80 
15.70 
15.70 
15.70 
15.60 
15.60 
15.60 
15.60 
15.60 
15.50 
15.60 
15.60 
15.50 
15.50 
15.50 
15.50 
15.50 
15.50 
15.50 
15.50 
15.40 
15.40 
15.30 
15.30 
15.30 
15.20 
15.20 
15.20 
15.20 
15.20 
15.20 
15.20 
15.10 
15.10 
15.10 
15.10 
15.10 
15.10 
15.10 
15.10 
15.10 
15.10 
15.00 
15.00 
15.00 
15.00 
14.90 
15.00 
14.90 
14.90 
14.80 
14.80 
14.80 
14.80 
14.80 
14.80 
14.70 
14.80 
14.70 
14.70 
14.70 
14.70 
14.80 
14.70 
14.70 
14.70 
14.70 
14.70 
14.70 
14.70 
14.60 
14.60 
14.60 
14.60 
14.60 
14.70 
14.70 
14.70 
14.70 
14.70 
14.70 
14.70 
14.70 
14.70 
14.80 
14.80 
14.80 
14.80 
14.90 
14.90 
14.90 
14.90 
14.90 
14.90 
14.90 
14.90 
14.90 
14.90 
14.90 
14.90 
14.90 
14.90 
15.00 
15.00 
15.00 
15.00 
15.00 
15.00 
15.00 
15.00 
15.00 
15.10 
15.10 
15.10 
15.10 
15.10 
15.10 
15.00 
15.00 
15.00 
15.00 
14.90 
14.90 
14.90 
14.90 
14.90 
14.90 
14.90 
14.90 
14.90 
14.90 
14.90 
14.90 
14.90 
14.90 
14.90 
14.90 
14.90 
14.90 
14.90 
14.90 
14.90 
14.80 
14.80 
14.80 
14.70 
14.70 
14.70 
14.70 
14.70 
14.70 
14.70 
14.70 
14.70 
14.70 
14.70 
14.70 
14.70 
14.70 
14.70 
14.70 
14.70 
14.60 
14.70 
14.70 
14.60 
14.60 
14.60 
14.60 
14.60 
14.60 
14.60 
14.60 
14.50 
14.50 
14.50 
14.50 
14.50 
14.50 
14.50 
14.50 
14.50 
14.50 
14.50 
14.50 
14.50 
14.50 
14.50 
14.50 
14.40 
14.40 
14.40 
14.40 
14.40 
14.30 
14.30 
14.30 
14.30 
14.30 
14.30 
14.30 
14.30 
14.30 
14.30 
14.30 
14.30 
14.30 
14.30 
14.30 
14.30 
14.30 
14.20 
14.20 
14.20 
14.20 
14.20 
14.10 
14.10 
14.00 
14.00 
14.00 
14.00 
14.00 
14.00 
14.00 
14.00 
14.00 
14.00 
14.00 
14.00 
14.00 
14.00 
14.00 
13.90 
13.90 
14.00 
13.90 
13.90 
13.80 
13.80 
13.80 
13.80 
13.70 
13.70 
13.70 
13.70 
13.70 
13.70 
13.70 
13.70 
13.70 
13.70 
13.70 
13.60 
13.60 
13.70 
13.60 
13.60 
13.60 
13.60 
13.60 
13.60 
13.60 
13.60 
13.60 
13.50 
13.50 
13.50 
13.50 
13.50 
13.50 
13.50 
13.50 
13.50 
13.50 
13.50 
13.40 
13.40 
13.50 
13.40 
13.50 
13.40 
13.40 
13.40 
13.40 
13.40 
13.40 
13.40 
13.30 
13.30 
13.30 
13.30 
13.30 
13.30 
13.30 
13.30 
13.30 
13.30 
13.20 
13.20 
13.20 
13.20 
13.20 
13.20 
13.20 
13.20 
13.30 
13.30 
13.20 
13.20 
13.10 
13.10 
13.10 
13.10 
13.00 
13.00 
13.00 
13.00 
13.00 
13.00 
13.00 
13.00 
13.00 
13.00 
13.00 
13.00 
13.00 
13.00 
13.00 
13.00 
13.00 
13.00 
13.00 
12.90 
12.90 
12.80 
12.80 
12.80 
12.80 
12.80 
12.80 
12.80 
12.80 
12.80 
12.80 
12.70 
12.80 
12.80 
12.80 
12.70 
12.70 
12.70 
12.70 
12.70 
12.70 
12.70 
12.70 
12.70 
12.70 
12.60 
12.60 
12.60 
12.60 
12.60 
12.60 
12.60 
12.50 
12.60 
12.50 
12.60 
12.60 
12.50 
12.60 
12.60 
12.50 
12.60 
12.50 
12.60 
12.50 
12.60 
12.60 
12.50 
12.50 
12.50 
12.50 
12.40 
12.40 
12.40 
12.40 
12.30 
12.30 
12.40 
12.40 
12.30 
12.30 
12.40 
12.30 
12.40 
12.30 
12.40 
12.40 
12.40 
12.30 
12.30 
12.30 
12.30 
12.30 
12.30 
12.30 
12.20 
12.20 
12.20 
12.20 
12.20 
12.20 
12.30 
12.20 
12.20 
12.20 
12.20 
12.20 
12.20 
12.20 
12.20 
12.20 
12.20 
12.20 
12.20 
12.20 
12.20 
12.10 
12.20 
12.10 
12.10 
12.10 
12.00 
12.10 
12.10 
12.10 
12.10 
12.10 
12.10 
12.10 
12.10 
12.00 
12.00 
12.10 
12.10 
12.00 
12.10 
12.00 
12.00 
12.00 
12.00 
12.00 
12.00 
12.00 
12.00 
11.90 
11.90 
11.90 
11.90 
11.90 
11.90 
11.90 
11.90 
12.00 
11.90 
11.90 
11.90 
11.90 
11.90 
11.90 
11.90 
11.90 
11.90 
11.80 
11.90 
11.80 
11.80 
11.90 
11.70 
11.70 
11.80 
11.70 
11.70 
11.70 
11.70 
11.80 
11.70 
11.70 
11.70 
11.70 
11.70 
11.70 
11.70 
11.70 
11.70 
11.70 
11.70 
11.70 
11.60 
11.60 
11.60 
11.60 
11.60 
11.60 
11.60 
11.60 
11.50 
11.50 
11.60 
11.50 
11.50 
11.50 
11.50 
11.50 
11.50 
11.50 
11.50 
11.50 
11.50 
11.50 
11.50 
11.50 
11.50 
11.40 
11.40 
11.40 
11.40 
11.40 
11.40 
11.40 
11.40 
11.40 
11.40 
11.40 
11.40 
11.40 
11.40 
11.30 
11.40 
11.30 
11.30 
11.30 
11.40 
11.30 
11.40 
11.30 
11.30 
11.30 
11.30 
11.30 
11.30 
11.30 
11.30 
11.30 
11.30 
11.30 
11.30 
11.30 
11.30 
11.30 
11.30 
11.30 
11.30 
11.30 
11.30 
11.30 
11.30 
11.30 
11.30 
11.30 
11.20 
11.30 
11.30 
11.30 
11.20 
11.20 
11.20 
11.20 
11.30 
11.30 
11.20 
11.20 
11.20 
11.20 
11.20 
11.20 
11.30 
11.20 
11.20 
11.20 
11.20 
11.20 
11.20 
11.20 
11.20 
11.20 
11.20 
11.20 
11.20 
11.10 
11.10 
11.10 
11.10 
11.10 
11.10 
11.10 
11.10 
11.10 
11.10 
11.10 
11.10 
11.10 
11.10 
11.10 
11.10 
11.10 
11.10 
11.10 
11.00 
11.10 
11.00 
11.10 
11.00 
11.00 
11.00 
11.00 
11.00 
11.00 
11.00 
11.00 
11.00 
11.00 
11.00 
11.00 
11.00 
11.00 
11.00 
11.00 
11.00 
11.00 
11.00 
11.00 
10.90 
10.90 
10.90 
10.90 
10.90 
10.90 
10.80 
10.90 
10.80 
10.90 
10.90 
10.80 
10.90 
10.90 
10.90 
10.80 
10.80 
10.90 
10.80 
10.80 
10.80 
10.80 
10.80 
10.80 
10.80 
10.80 
10.70 
10.80 
10.70 
10.80 
10.70 
10.70 
10.80 
10.70 
10.70 
10.70 
10.70 
10.70 
10.70 
10.70 
10.70 
10.70 
10.70 
10.70 
10.70 
10.70 
10.70 
10.70 
10.60 
10.60 
10.60 
10.60 
10.60 
10.60 
10.60 
10.50 
10.60 
10.60 
10.60 
10.60 
10.60 
10.60 
10.60 
10.60 
10.60 
10.50 
10.60 
10.50 
10.50 
10.60 
10.60 
10.60 
10.50 
10.50 
10.50 
10.50 
10.50 
10.40 
10.40 
10.40 
10.40 
10.40 
10.40 
10.40 
10.40 
10.40 
10.40 
10.40 
10.40 
10.40 
10.40 
10.40 
10.40 
10.40 
10.40 
10.40 
10.40 
10.40 
10.30 
10.40 
10.40 
10.40 
10.30 
10.30 
10.30 
10.30 
10.30 
10.30 
10.40 
10.30 
10.30 
10.30 
10.30 
10.30 
10.30 
10.30 
10.30 
10.40 
10.30 
10.30 
10.30 
10.20 
10.20 
10.20 
10.20 
10.20 
10.20 
10.20 
10.20 
10.20 
10.20 
10.20 
10.20 
10.20 
10.20 
10.20 
10.20 
10.20 
10.20 
10.20 
10.20 
10.20 
10.20 
10.20 
10.20 
10.20 
10.20 
10.20 
10.20 
10.10 
10.10 
10.10 
10.10 
10.10 
10.10 
10.10 
10.10 
10.10 
10.10 
10.10 
10.20 
10.10 
10.10 
10.10 
10.10 
10.10 
10.10 
10.10 
10.10 
10.10 
10.10 
10.10 
10.00 
10.00 
10.00 
10.10 
10.10 
10.00 
10.00 
10.00 
10.00 
10.10 
10.00 
10.00 
10.10 
10.00 
10.00 
10.00 
10.00 
10.00 
10.00 
10.00 
10.00 
10.00 
10.00 
10.00 
9.90 
10.00 
9.90 
9.90 
9.90 
10.00 
9.90 
9.90 
9.90 
10.00 
10.00 
10.00 
10.00 
9.90 
9.90 
9.90 
9.90 
9.90 
9.90 
9.90 
9.90 
9.90 
9.90 
9.90 
9.90 
9.90 
9.90 
9.80 
9.90 
9.90 
9.90 
9.80 
9.80 
9.90 
9.90 
9.80 
9.80 
9.80 
9.80 
9.80 
9.80 
9.80 
9.80 
9.80 
9.80 
9.80 
9.80 
9.80 
9.80 
9.70 
9.70 
9.80 
9.70 
9.70 
9.70 
9.80 
9.70 
9.70 
9.80 
9.70 
9.80 
9.80 
9.70 
9.80 
9.70 
9.70 
9.80 
9.70 
9.70 
9.70 
9.70 
9.70 
9.70 
9.70 
9.70 
9.70 
9.70 
9.70 
9.70 
9.70 
9.70 
9.70 
9.70 
9.70 
9.70 
9.80 
9.70 
9.70 
9.70 
9.70 
9.70 
9.70 
9.70 
9.60 
9.70 
9.70 
9.70 
9.60 
9.70 
9.60 
9.70 
9.70 
9.60 
9.60 
9.60 
9.60 
9.60 
9.60 
9.70 
9.60 
9.70 
9.60 
9.60 
9.60 
9.70 
9.70 
9.60 
9.70 
9.70 
9.70 
9.60 
9.60 
9.50 
9.60 
9.60 
9.50 
9.50 
9.60 
9.60 
9.50 
9.50 
9.60 
9.60 
9.60 
9.60 
9.60 
9.60 
9.60 
9.60 
9.60 
9.60 
9.60 
9.50 
9.50 
9.60 
9.50 
9.50 
9.50 
9.50 
9.50 
9.50 
9.60 
9.50 
9.50 
9.50 
9.60 
9.50 
9.50 
9.50 
9.60 
9.50 
9.50 
9.50 
9.50 
9.50 
9.50 
9.40 
9.60 
9.40 
9.40 
9.50 
9.50 
9.40 
9.40 
9.50 
9.40 
9.40 
9.50 
9.50 
9.40 
9.50 
9.40 
9.40 
9.40 
9.40 
9.40 
9.40 
9.40 
9.30 
9.40 
9.40 
9.40 
9.40 
9.40 
9.40 
9.30 
9.40 
9.40 
9.40 
9.40 
9.40 
9.40 
9.40 
9.40 
9.40 
9.40 
9.30 
9.30 
9.40 
9.40 
9.30 
9.30 
9.30 
9.40 
9.30 
9.30 
9.30 
9.40 
9.30 
9.30 
9.30 
9.30 
9.30 
9.20 
9.30 
9.20 
9.30 
9.30 
9.30 
9.30 
9.30 
9.30 
9.30 
9.20 
9.30 
9.20 
9.30 
9.20 
9.30 
9.20 
9.20 
9.30 
9.20 
9.20 
9.20 
9.20 
9.20 
9.20 
9.20 
9.20 
9.20 
9.20 
9.30 
9.20 
9.20 
9.20 
9.10 
9.20 
9.30 
9.30 
9.20 
9.10 
9.20 
9.20 
9.20 
9.20 
9.20 
9.20 
9.20 
9.20 
9.20 
9.10 
9.10 
9.20 
9.20 
9.20 
9.20 
9.20 
9.10 
9.20 
9.20 
9.20 
9.20 
9.30 
9.20 
9.20 
9.10 
9.20 
9.10 
9.20 
9.20 
9.10 
9.10 
9.20 
9.10 
9.20 
9.10 
9.10 