20120101
20121231
9.20 
9.10 
9.10 
9.20 
9.20 
9.20 
9.10 
9.20 
9.10 
9.20 
9.20 
9.10 
9.10 
9.10 
9.10 
9.10 
9.10 
9.10 
9.10 
9.10 
9.20 
9.10 
9.10 
9.10 
9.10 
9.10 
9.10 
9.10 
9.10 
9.10 
9.20 
9.10 
9.10 
9.10 
9.10 
9.10 
9.00 
9.10 
9.00 
9.00 
9.00 
9.00 
9.10 
9.00 
9.10 
9.00 
9.00 
9.10 
9.10 
9.10 
9.00 
9.10 
9.00 
9.10 
9.00 
9.00 
9.00 
9.00 
9.00 
9.10 
9.00 
9.00 
9.00 
9.00 
9.00 
9.10 
9.00 
9.00 
9.00 
9.00 
9.00 
9.00 
9.00 
9.00 
9.10 
9.10 
9.00 
9.00 
9.00 
9.10 
9.10 
9.10 
9.10 
9.10 
9.00 
9.00 
9.10 
9.00 
9.00 
9.10 
9.00 
9.00 
9.00 
9.00 
9.10 
9.00 
9.00 
9.00 
9.10 
9.00 
9.00 
9.00 
12.40 
15.50 
17.00 
16.40 
15.30 
14.40 
13.80 
13.40 
13.10 
12.80 
12.50 
14.90 
16.70 
17.20 
17.00 
16.50 
17.40 
17.80 
17.10 
16.10 
15.50 
15.00 
14.80 
16.40 
17.80 
17.70 
16.70 
16.00 
15.60 
15.30 
15.00 
14.80 
14.60 
14.40 
14.20 
14.00 
13.90 
13.80 
13.70 
13.60 
13.50 
13.40 
13.30 
13.30 
13.20 
13.20 
13.10 
13.00 
13.00 
13.00 
12.90 
12.90 
12.80 
12.80 
12.80 
12.80 
12.70 
12.70 
12.70 
12.70 
12.70 
12.70 
12.60 
12.60 
12.60 
12.60 
12.60 
12.60 
12.60 
12.50 
12.60 
12.50 
12.50 
12.50 
12.50 
12.50 
12.50 
12.50 
12.40 
12.50 
12.50 
12.50 
12.50 
12.40 
12.50 
12.40 
12.50 
12.40 
12.40 
12.40 
12.40 
12.40 
12.40 
12.40 
12.40 
12.40 
12.40 
12.40 
12.40 
12.40 
12.40 
12.40 
12.40 
12.30 
12.40 
12.30 
12.30 
12.30 
12.30 
12.40 
12.30 
12.40 
12.40 
12.30 
12.30 
12.40 
12.30 
12.30 
12.30 
12.30 
12.30 
12.30 
12.20 
12.30 
12.30 
12.30 
12.20 
12.20 
12.30 
12.20 
12.20 
12.20 
12.20 
12.20 
12.20 
12.20 
12.20 
12.20 
12.20 
12.10 
12.10 
12.20 
12.20 
12.20 
12.20 
12.10 
12.10 
12.20 
12.10 
12.10 
12.10 
12.10 
12.10 
12.10 
12.00 
12.00 
12.00 
12.00 
12.00 
12.10 
12.10 
12.00 
12.00 
12.10 
12.00 
12.00 
12.00 
12.10 
12.10 
12.00 
12.00 
12.10 
12.00 
12.00 
12.00 
12.00 
12.00 
12.00 
11.90 
11.90 
11.90 
11.90 
11.90 
11.80 
11.90 
11.80 
11.90 
11.80 
11.90 
11.90 
11.90 
11.80 
11.80 
11.90 
11.80 
11.80 
11.80 
11.70 
11.90 
11.80 
11.80 
11.80 
11.80 
11.80 
11.80 
11.90 
11.80 
11.80 
11.80 
11.80 
11.80 
11.70 
11.70 
11.90 
11.90 
12.00 
12.10 
12.10 
12.20 
12.10 
12.20 
12.30 
12.30 
12.30 
12.30 
12.30 
12.20 
12.40 
12.30 
14.20 
13.70 
13.50 
13.50 
13.50 
13.50 
13.40 
13.40 
13.50 
13.50 
13.60 
13.70 
15.20 
15.80 
16.00 
16.20 
16.40 
16.60 
16.40 
16.50 
16.80 
16.60 
16.60 
16.70 
16.70 
16.80 
17.10 
17.30 
17.10 
16.80 
16.70 
16.50 
16.40 
16.30 
16.20 
16.20 
16.10 
16.10 
16.00 
15.90 
15.90 
15.90 
15.80 
15.80 
15.70 
15.60 
15.70 
15.60 
15.60 
15.60 
15.50 
15.60 
15.50 
15.50 
15.50 
15.40 
15.40 
15.40 
15.40 
15.40 
15.30 
15.30 
15.40 
15.30 
15.30 
15.30 
15.20 
15.20 
15.20 
15.20 
15.10 
15.20 
15.20 
15.20 
15.10 
15.20 
15.10 
15.10 
15.10 
15.10 
15.10 
15.10 
15.20 
15.10 
15.10 
15.10 
15.10 
15.10 
15.00 
15.00 
15.00 
15.00 
15.00 
15.00 
15.00 
15.00 
15.00 
15.00 
15.00 
15.00 
15.00 
15.00 
15.00 
15.00 
14.90 
15.00 
15.00 
15.00 
15.00 
15.00 
14.90 
14.90 
15.00 
15.00 
15.00 
15.60 
16.10 
16.50 
16.40 
16.30 
16.20 
16.20 
16.10 
16.00 
15.90 
15.90 
15.90 
15.90 
15.90 
15.80 
15.80 
15.80 
15.80 
16.50 
16.80 
16.80 
16.60 
16.50 
16.40 
16.50 
16.40 
16.40 
16.30 
16.40 
16.30 
16.20 
16.30 
16.20 
16.30 
16.20 
16.30 
16.20 
16.10 
16.10 
16.10 
16.70 
16.80 
17.10 
17.60 
17.60 
17.60 
17.40 
17.30 
17.20 
17.20 
17.40 
17.30 
17.90 
18.20 
18.80 
18.90 
18.60 
18.30 
18.20 
18.30 
18.60 
18.50 
18.40 
18.30 
19.50 
19.20 
18.80 
20.10 
19.80 
19.30 
19.00 
18.90 
18.80 
18.80 
18.90 
18.80 
18.80 
18.70 
18.70 
18.60 
18.60 
18.50 
18.50 
18.60 
18.40 
18.80 
19.50 
20.10 
20.20 
20.00 
20.50 
20.10 
20.00 
19.80 
19.60 
19.40 
19.30 
19.10 
19.10 
19.00 
18.90 
18.80 
18.80 
18.70 
18.70 
18.70 
18.60 
18.60 
18.50 
18.50 
18.50 
18.50 
18.50 
18.40 
18.40 
18.40 
18.30 
18.40 
18.40 
18.60 
18.70 
18.70 
18.70 
18.70 
18.70 
18.60 
18.60 
18.60 
18.60 
18.60 
18.60 
18.60 
18.60 
18.60 
18.60 
18.60 
18.50 
18.50 
18.50 
18.50 
18.50 
18.50 
18.50 
18.50 
18.40 
18.40 
18.40 
18.40 
18.40 
18.30 
18.30 
18.30 
18.30 
18.20 
18.20 
18.20 
18.20 
18.20 
18.10 
18.10 
18.10 
18.10 
18.10 
18.10 
18.10 
18.00 
18.00 
18.00 
18.00 
18.00 
18.00 
18.10 
18.10 
18.00 
18.10 
18.10 
18.10 
18.10 
18.10 
18.10 
18.20 
18.10 
18.20 
18.10 
18.20 
18.20 
18.20 
18.20 
18.20 
18.20 
18.20 
18.20 
18.20 
18.20 
18.20 
18.20 
18.20 
18.20 
18.20 
18.20 
18.20 
18.20 
18.20 
18.20 
18.10 
18.10 
18.10 
18.10 
18.10 
18.10 
18.10 
18.10 
18.10 
18.10 
18.10 
18.10 
18.10 
18.10 
18.10 
18.10 
18.10 
18.10 
18.10 
18.10 
18.10 
18.10 
18.10 
18.10 
18.00 
18.00 
18.00 
18.00 
18.00 
18.00 
18.00 
18.00 
18.00 
18.00 
17.90 
17.90 
17.90 
17.90 
17.90 
17.90 
17.80 
17.80 
17.80 
17.80 
17.80 
17.80 
17.80 
17.80 
17.80 
17.80 
17.80 
17.80 
17.70 
17.70 
17.70 
17.70 
17.70 
17.70 
17.70 
17.60 
17.60 
17.60 
17.60 
17.50 
17.50 
17.50 
17.50 
17.50 
17.50 
17.50 
17.50 
17.50 
17.50 
17.50 
17.40 
17.50 
17.40 
17.40 
17.40 
17.40 
17.40 
17.40 
17.30 
17.30 
17.30 
17.30 
17.20 
17.20 
17.20 
17.20 
17.20 
17.20 
17.20 
17.20 
17.20 
17.20 
17.20 
17.20 
17.10 
17.10 
17.10 
17.10 
17.20 
17.10 
17.00 
17.00 
17.00 
17.00 
17.00 
16.90 
17.00 
16.90 
16.90 
16.90 
16.90 
16.90 
16.90 
16.90 
16.90 
16.90 
16.90 
16.80 
16.80 
16.80 
16.80 
16.80 
16.80 
16.80 
16.80 
16.80 
16.80 
16.80 
16.70 
16.70 
16.70 
16.70 
16.70 
16.70 
16.70 
16.70 
16.70 
16.70 
16.70 
16.70 
16.70 
16.60 
16.70 
16.60 
16.60 
16.60 
16.70 
16.60 
16.60 
16.60 
16.60 
16.60 
16.60 
16.60 
16.60 
16.50 
16.50 
16.50 
16.50 
16.50 
16.50 
16.50 
16.50 
16.50 
16.50 
16.40 
16.50 
16.40 
16.50 
16.40 
16.40 
16.40 
16.40 
16.50 
16.40 
16.40 
16.40 
16.40 
16.40 
16.40 
16.40 
16.30 
16.40 
16.30 
16.30 
16.30 
16.30 
16.30 
16.30 
16.30 
16.30 
16.30 
16.30 
16.30 
16.30 
16.30 
16.30 
16.30 
16.30 
16.20 
16.20 
16.20 
16.20 
16.20 
16.20 
16.20 
16.20 
16.20 
16.20 
16.20 
16.20 
16.30 
16.30 
16.20 
16.20 
16.20 
16.20 
16.20 
16.20 
16.20 
16.20 
16.20 
16.20 
16.20 
16.20 
16.20 
16.20 
16.20 
16.20 
16.10 
16.20 
16.20 
16.20 
16.20 
16.20 
16.20 
16.20 
16.20 
16.20 
16.20 
16.20 
16.20 
16.10 
16.20 
16.20 
16.10 
16.10 
16.10 
16.10 
16.00 
16.00 
16.00 
16.00 
16.00 
16.00 
16.00 
16.00 
16.00 
16.00 
16.00 
15.90 
16.00 
16.00 
16.00 
15.90 
16.00 
16.00 
15.90 
15.90 
15.90 
15.90 
15.90 
15.90 
15.80 
15.90 
15.80 
15.80 
15.80 
15.80 
15.80 
15.80 
15.80 
15.70 
15.80 
15.80 
15.70 
15.70 
15.80 
15.70 
15.80 
15.80 
15.70 
15.80 
15.70 
15.70 
15.60 
15.60 
15.60 
15.70 
15.60 
15.60 
15.70 
15.60 
15.60 
15.60 
15.60 
15.60 
15.60 
15.60 
15.60 
15.60 
15.60 
15.60 
15.60 
15.60 
15.60 
15.50 
15.60 
15.60 
15.50 
15.60 
15.60 
15.70 
15.70 
15.70 
15.70 
15.70 
15.70 
15.70 
15.70 
15.70 
15.70 
15.70 
15.70 
15.70 
15.70 
15.70 
15.70 
15.70 
15.70 
15.70 
15.60 
15.70 
15.60 
15.70 
15.70 
15.60 
15.60 
15.60 
15.60 
15.60 
15.60 
15.60 
15.60 
15.60 
15.60 
15.60 
15.60 
15.60 
15.60 
15.60 
15.60 
15.60 
15.60 
15.60 
15.60 
15.60 
15.60 
15.50 
15.50 
15.50 
15.50 
15.50 
15.50 
15.50 
15.50 
15.50 
15.50 
15.50 
15.50 
15.50 
15.50 
15.50 
15.50 
15.50 
15.50 
15.50 
15.50 
15.50 
15.40 
15.40 
15.30 
15.30 
15.30 
15.30 
15.30 
15.30 
15.30 
15.30 
15.30 
15.30 
15.30 
15.30 
15.30 
15.30 
15.30 
15.30 
15.30 
15.30 
15.30 
15.30 
15.30 
15.30 
15.20 
15.20 
15.10 
15.10 
15.10 
15.10 
15.00 
15.10 
15.10 
15.10 
15.10 
15.10 
15.10 
15.00 
15.00 
15.00 
15.00 
15.00 
15.00 
15.00 
15.00 
15.00 
15.00 
15.00 
14.90 
14.90 
14.90 
14.90 
14.80 
14.80 
14.80 
14.80 
14.80 
14.80 
14.80 
14.80 
14.80 
14.80 
14.80 
14.80 
14.80 
14.80 
14.80 
14.80 
14.70 
14.70 
14.70 
14.70 
14.70 
14.70 
14.70 
14.70 
14.60 
14.60 
14.60 
14.60 
14.60 
14.60 
14.60 
14.50 
14.60 
14.50 
14.60 
14.60 
14.60 
14.50 
14.50 
14.60 
14.50 
14.50 
14.50 
14.50 
14.40 
14.40 
14.50 
14.40 
14.40 
14.40 
14.30 
14.30 
14.30 
14.30 
14.40 
14.30 
14.30 
14.40 
14.30 
14.40 
14.30 
14.30 
14.40 
14.30 
14.30 
14.30 
14.30 
14.30 
14.20 
14.20 
14.20 
14.10 
14.20 
14.10 
14.20 
14.10 
14.10 
14.20 
14.10 
14.10 
14.20 
14.10 
14.10 
14.10 
14.10 
14.00 
14.10 
14.10 
14.00 
14.10 
14.10 
14.10 
14.10 
14.00 
14.00 
13.90 
13.90 
13.90 
13.90 
13.90 
13.90 
13.90 
13.90 
13.90 
13.90 
13.90 
13.90 
13.90 
14.00 
13.80 
13.80 
13.90 
13.80 
13.80 
13.90 
13.90 
13.80 
13.80 
13.80 
13.80 
13.70 
13.80 
13.70 
13.80 
13.80 
13.80 
13.80 
13.70 
13.80 
13.70 
13.70 
13.80 
13.70 
13.80 
13.70 
13.80 
13.70 
13.80 
13.80 
13.70 
13.70 
13.70 
13.70 
13.70 
13.70 
13.60 
13.60 
13.60 
13.60 
13.60 
13.60 
13.60 
13.60 
13.60 
13.60 
13.70 
13.70 
13.70 
13.70 
13.70 
13.70 
13.70 
13.70 
13.80 
13.80 
13.70 
13.70 
13.70 
13.70 
13.70 
13.70 
13.70 
13.70 
13.70 
13.70 
13.70 
13.70 
13.70 
13.70 
13.70 
13.70 
13.70 
13.70 
13.70 
13.70 
13.70 
13.70 
13.70 
13.70 
13.70 
13.70 
13.70 
13.70 
13.70 
13.70 
13.70 
13.60 
13.70 
13.70 
13.70 
13.70 
13.70 
13.70 
13.70 
13.70 
13.70 
13.70 
13.70 
13.70 
13.70 
13.70 
13.80 
13.80 
14.80 
14.90 
14.90 
14.80 
14.80 
14.80 
14.80 
14.80 
14.80 
14.80 
14.80 
14.80 
14.90 
14.90 
15.00 
15.10 
15.20 
15.20 
15.30 
15.30 
15.30 
15.30 
15.30 
15.30 
15.40 
15.40 
15.40 
15.40 
15.40 
15.40 
15.40 
15.50 
15.40 
15.50 
15.40 
15.40 
15.50 
15.40 
15.50 
15.50 
15.40 
15.50 
15.50 
15.40 
15.50 
15.50 
15.40 
15.50 
15.50 
15.40 
15.50 
15.50 
15.40 
15.40 
15.40 
15.50 
15.50 
15.40 
15.50 
15.40 
15.50 
15.50 
15.50 
15.50 
15.50 
15.50 
15.50 
15.50 
15.50 
15.50 
15.50 
15.60 
15.60 
15.60 
15.60 
15.70 
15.70 
15.60 
15.70 
15.70 
15.90 
16.10 
16.30 
16.50 
16.70 
16.80 
17.00 
17.20 
17.40 
17.50 
17.60 
17.90 
18.00 
18.10 
18.10 
18.00 
18.00 
18.00 
17.90 
17.90 
17.90 
17.90 
17.80 
17.90 
17.80 
17.80 
17.80 
17.90 
17.80 
17.90 
17.90 
17.80 
17.90 
17.90 
17.90 
17.90 
17.90 
17.90 
18.00 
18.00 
17.90 
17.90 
17.90 
17.90 
17.90 
17.90 
17.90 
18.00 
17.90 
17.90 
17.90 
17.90 
18.00 
17.90 
17.90 
17.90 
17.90 
17.90 
18.00 
17.90 
17.90 
17.90 
17.90 
17.90 
17.90 
17.90 
17.90 
17.90 
17.90 
17.80 
17.90 
17.80 
17.90 
17.80 
17.80 
17.80 
17.80 
17.80 
17.80 
17.80 
17.80 
17.90 
17.80 
17.80 
17.80 
17.80 
17.80 
17.80 
17.80 
17.80 
17.80 
17.80 
17.70 
17.80 
17.70 
17.70 
17.70 
17.70 
17.70 
17.70 
17.70 
17.70 
17.70 
17.70 
17.70 
17.60 
17.70 
17.60 
17.60 
17.60 
17.60 
17.60 
17.60 
17.60 
17.60 
17.60 
17.60 
17.60 
17.60 
17.60 
17.60 
17.60 
17.50 
17.60 
17.50 
17.50 
17.50 
17.50 
17.50 
17.60 
17.60 
17.60 
17.60 
17.60 
17.60 
17.60 
17.60 
17.60 
17.60 
17.60 
17.60 
17.60 
17.60 
17.60 
17.60 
17.60 
17.60 
17.60 
17.60 
17.60 
17.60 
17.70 
17.70 
17.70 
17.70 
17.80 
17.80 
18.00 
18.10 
18.10 
18.20 
18.20 
18.20 
18.20 
18.10 
18.10 
18.10 
18.10 
18.10 
18.00 
18.10 
18.10 
18.00 
18.00 
18.00 
18.00 
18.00 
17.90 
17.90 
18.00 
17.90 
17.90 
17.90 
19.60 
19.80 
19.50 
19.30 
19.10 
19.00 
21.00 
20.10 
19.60 
19.40 
19.20 
19.10 
19.00 
18.90 
18.80 
18.80 
18.70 
18.70 
18.60 
18.60 
18.60 
18.60 
18.60 
18.60 
18.60 
18.60 
18.60 
18.60 
18.60 
18.50 
18.50 
18.50 
18.50 
18.50 
18.40 
18.40 
18.40 
18.40 
18.40 
18.40 
18.40 
18.40 
18.40 
18.50 
18.50 
18.50 
18.50 
18.50 
18.50 
18.50 
18.60 
19.50 
19.60 
19.50 
19.40 
19.30 
19.20 
19.20 
19.20 
19.10 
19.10 
19.10 
19.00 
19.00 
19.00 
18.90 
18.90 
18.90 
18.80 
18.80 
18.80 
18.80 
18.80 
18.70 
18.70 
18.70 
18.70 
18.70 
18.60 
18.60 
18.60 
18.60 
18.60 
18.60 
18.60 
18.50 
18.50 
18.50 
18.50 
18.50 
18.50 
18.50 
18.40 
18.50 
18.40 
18.50 
18.40 
18.50 
18.40 
18.40 
18.40 
18.40 
18.30 
18.40 
18.30 
18.30 
18.30 
18.20 
18.30 
18.30 
18.20 
18.30 
18.30 
18.30 
18.30 
18.30 
18.30 
18.30 
18.40 
18.50 
18.60 
18.50 
18.60 
18.60 
18.60 
18.70 
18.70 
18.70 
18.60 
18.70 
18.70 
18.70 
18.80 
18.80 
18.90 
18.90 
19.00 
19.00 
18.90 
19.00 
19.00 
18.90 
18.90 
19.00 
18.90 
18.90 
18.90 
18.90 
18.80 
18.90 
18.80 
18.80 
18.80 
18.70 
18.80 
18.70 
18.80 
18.70 
18.70 
18.60 
18.60 
18.70 
18.60 
18.60 
18.50 
18.60 
18.50 
18.60 
18.60 
18.60 
18.60 
18.60 
18.50 
18.50 
18.50 
18.50 
18.50 
18.50 
18.50 
18.40 
18.50 
18.40 
18.40 
18.50 
18.50 
18.40 
18.40 
18.40 
18.50 
18.40 
18.40 
18.50 
18.40 
18.40 
18.50 
18.40 
18.40 
18.50 
18.40 
18.40 
18.30 
18.40 
18.40 
18.40 
18.30 
18.30 
18.40 
18.30 
18.40 
18.40 
18.50 
18.50 
18.60 
18.60 
18.70 
18.70 
18.70 
18.80 
18.70 
18.70 
18.70 
18.70 
18.70 
18.70 
18.70 
18.70 
18.70 
18.70 
18.70 
18.70 
18.60 
18.60 
18.60 
18.70 
18.70 
18.70 
18.70 
18.70 
18.70 
18.70 
18.70 
18.70 
18.70 
18.70 
18.70 
18.70 
18.60 
18.70 
18.60 
18.60 
18.60 
18.60 
18.60 
18.60 
18.60 
18.60 
18.60 
18.50 
18.50 
18.50 
18.50 
18.50 
18.50 
18.50 
18.50 
18.40 
18.50 
18.40 
18.30 
18.30 
18.30 
18.20 
18.30 
18.30 
18.20 
18.20 
18.20 
18.20 
18.20 
18.20 
18.20 
18.20 
18.20 
18.20 
18.20 
18.10 
18.10 
18.10 
18.10 
18.10 
18.00 
18.00 
18.00 
18.00 
17.90 
17.90 
17.90 
17.90 
17.90 
17.90 
17.90 
17.90 
17.90 
17.90 
17.90 
17.90 
17.90 
17.90 
17.90 
17.90 
17.80 
17.80 
17.70 
17.70 
17.70 
17.60 
17.60 
17.50 
17.60 
17.50 
17.60 
17.60 
17.60 
17.50 
17.60 
17.50 
17.50 
17.50 
17.50 
17.50 
17.50 
17.50 
17.50 
17.50 
17.50 
17.50 
17.50 
17.40 
17.40 
17.40 
17.40 
17.40 
17.40 
17.40 
17.40 
17.40 
17.40 
17.40 
17.40 
17.40 
17.40 
17.40 
17.30 
17.30 
17.40 
17.40 
17.30 
17.30 
17.30 
17.30 
17.30 
17.30 
17.30 
17.20 
17.20 
17.20 
17.20 
17.20 
17.20 
17.20 
17.20 
17.20 
17.10 
17.10 
17.10 
17.20 
17.10 
17.10 
17.10 
17.10 
17.10 
17.10 
17.10 
17.10 
17.10 
17.10 
17.00 
17.00 
17.00 
17.00 
16.90 
17.00 
16.90 
16.90 
16.90 
16.90 
16.90 
16.90 
17.00 
17.00 
16.90 
16.90 
16.90 
16.90 
16.90 
16.90 
16.90 
16.90 
16.90 
16.90 
16.90 
16.90 
16.90 
16.90 
16.90 
17.00 
16.90 
16.90 
16.90 
16.90 
16.90 
16.90 
17.00 
17.10 
17.10 
17.10 
17.10 
17.20 
17.20 
17.20 
17.20 
17.20 
17.20 
17.10 
17.10 
17.00 
16.90 
17.00 
16.90 
16.90 
16.90 
17.00 
16.90 
17.00 
16.90 
17.00 
17.00 
17.00 
17.00 
16.90 
17.00 
16.90 
16.90 
16.90 
16.90 
16.90 
16.80 
16.80 
16.70 
16.70 
16.60 
16.60 
16.60 
16.50 
16.50 
16.50 
16.50 
16.50 
16.50 
16.50 
16.50 
16.60 
16.50 
16.50 
16.50 
16.50 
16.50 
16.50 
16.50 
16.50 
16.40 
16.40 
16.30 
16.20 
16.20 
16.20 
16.10 
16.10 
16.10 
16.10 
16.10 
16.10 
16.10 
16.10 
16.10 
16.00 
16.00 
16.10 
16.00 
16.00 
16.00 
16.00 
16.00 
15.90 
15.90 
15.80 
15.80 
15.70 
15.60 
15.60 
15.60 
15.50 
15.50 
15.50 
15.50 
15.50 
15.50 
15.50 
15.50 
15.50 
15.50 
15.50 
15.50 
15.50 
15.50 
15.40 
15.40 
15.40 
15.40 
15.30 
15.20 
15.20 
15.10 
15.10 
15.10 
15.10 
15.00 
15.00 
15.00 
15.00 
15.00 
15.00 
15.00 
15.00 
15.00 
15.00 
15.00 
15.00 
15.00 
15.00 
15.00 
15.00 
14.90 
14.90 
14.80 
14.80 
14.80 
14.70 
14.70 
14.70 
14.70 
14.70 
14.70 
14.70 
14.70 
14.70 
14.70 
14.70 
14.70 
14.70 
14.70 
14.70 
14.70 
14.70 
14.70 
14.60 
14.60 
14.60 
14.60 
14.50 
14.40 
14.40 
14.40 
14.40 
14.40 
14.40 
14.40 
14.40 
14.40 
14.40 
14.40 
14.40 
14.40 
14.40 
14.40 
14.40 
14.40 
14.40 
14.40 
14.40 
14.40 
14.30 
14.30 
14.20 
14.20 
14.10 
14.10 
14.10 
14.10 
14.10 
14.10 
14.10 
14.10 
14.10 
14.10 
14.10 
14.10 
14.10 
14.10 
14.10 
14.10 
14.10 
14.10 
14.00 
14.00 
13.90 
13.90 
13.80 
13.80 
13.70 
13.70 
13.70 
13.70 
13.70 
13.70 
13.70 
13.70 
13.70 
13.70 
13.70 
13.70 
13.70 
13.70 
13.70 
13.70 
13.70 
13.70 
13.70 
13.60 
13.60 
13.60 
13.50 
13.50 
13.50 
13.50 
13.50 
13.50 
13.50 
13.50 
13.50 
13.50 
13.50 
13.50 
13.50 
13.50 
13.50 
13.50 
13.50 
13.50 
13.50 
13.50 
13.40 
13.40 
13.30 
13.30 
13.20 
13.20 
13.20 
13.10 
13.10 
13.10 
13.10 
13.10 
13.10 
13.10 
13.20 
13.20 
13.20 
13.10 
13.20 
13.10 
13.10 
13.10 
13.20 
13.10 
13.20 
13.20 
13.10 
13.10 
13.10 
13.10 
13.10 
13.10 
13.10 
13.10 
13.10 
13.10 
13.10 
13.10 
13.10 
13.10 
13.10 
13.10 
13.10 
13.10 
13.10 
13.10 
13.10 
13.10 
13.30 
13.50 
13.50 
13.70 
13.70 
13.90 
14.10 
14.30 
14.50 
14.90 
15.20 
15.60 
15.90 
16.00 
16.20 
16.50 
17.30 
17.50 
17.80 
17.90 
17.90 
17.80 
17.80 
17.80 
17.80 
17.70 
17.70 
17.70 
17.70 
17.60 
17.60 
17.60 
17.60 
17.60 
17.60 
17.60 
17.60 
17.60 
17.60 
17.70 
17.60 
17.60 
17.70 
17.60 
17.70 
17.70 
17.70 
17.70 
17.70 
17.80 
17.70 
17.80 
17.80 
17.80 
17.80 
17.70 
17.70 
17.80 
17.70 
17.70 
17.80 
17.70 
17.70 
18.90 
19.10 
20.30 
20.00 
19.70 
19.50 
19.30 
19.20 
19.30 
19.40 
19.40 
19.40 
19.40 
19.50 
19.70 
19.70 
20.10 
21.60 
21.90 
22.10 
21.10 
21.50 
20.70 
20.30 
20.10 
19.90 
19.80 
19.70 
19.60 
19.50 
19.40 
19.30 
19.30 
19.20 
19.20 
19.10 
19.10 
19.00 
19.00 
18.90 
18.90 
18.90 
18.80 
18.80 
18.80 
18.70 
18.70 
18.70 
18.60 
18.60 
18.60 
18.60 
18.60 
18.60 
18.50 
18.50 
18.50 
18.50 
18.50 
18.40 
18.40 
18.30 
18.30 
18.30 
18.20 
18.20 
18.20 
18.20 
18.20 
18.20 
18.10 
18.10 
18.10 
18.10 
18.10 
18.10 
18.10 
18.10 
18.10 
18.10 
18.10 
18.00 
17.90 
17.90 
17.80 
17.70 
17.70 
17.60 
17.60 
17.60 
17.60 
17.60 
17.60 
17.60 
17.60 
17.60 
17.60 
17.60 
17.60 
17.60 
17.60 
17.60 
17.60 
17.60 
17.60 
17.60 
17.60 
17.50 
17.50 
17.40 
17.40 
17.30 
17.30 
17.20 
17.20 
17.20 
17.20 
17.20 
17.20 
17.20 
17.20 
17.20 
17.20 
17.20 
17.20 
17.20 
17.20 
17.20 
17.20 
17.20 
17.10 
17.00 
17.00 
19.80 
20.50 
19.90 
19.70 
19.40 
19.30 
19.20 
19.10 
19.00 
18.90 
18.90 
18.80 
18.80 
18.70 
18.70 
18.70 
18.70 
18.60 
18.60 
18.60 
18.60 
18.50 
18.50 
18.40 
18.40 
18.30 
18.20 
18.20 
18.20 
18.20 
18.20 
18.20 
18.10 
18.10 
18.10 
18.10 
18.10 
18.10 
18.10 
18.10 
18.10 
18.10 
18.10 
18.10 
18.10 
18.00 
17.90 
17.90 
17.80 
17.70 
17.70 
17.70 
17.60 
17.70 
17.60 
17.70 
17.60 
17.60 
17.60 
17.60 
17.60 
17.60 
17.70 
17.70 
17.60 
17.60 
17.60 
17.60 
17.60 
17.60 
17.60 
17.50 
17.50 
17.40 
17.40 
17.40 
17.40 
17.40 
17.40 
17.40 
17.40 
17.40 
17.40 
17.40 
17.40 
17.40 
17.40 
17.40 
17.40 
17.40 
17.40 
17.40 
17.40 
17.40 
17.40 
17.40 
17.40 
17.40 
17.40 
17.40 
17.30 
17.40 
17.50 
17.60 
17.60 
17.70 
17.70 
17.70 
17.70 
17.80 
17.80 
17.80 
17.80 
17.80 
17.80 
17.80 
17.80 
17.80 
17.80 
17.80 
17.80 
17.80 
17.80 
17.80 
17.90 
18.00 
18.40 
18.70 
18.80 
18.80 
18.80 
18.90 
18.80 
18.80 
18.80 
18.80 
18.80 
18.70 
18.70 
22.40 
21.20 
20.70 
21.20 
20.70 
20.50 
20.40 
20.30 
20.10 
20.00 
19.80 
19.70 
19.60 
19.50 
19.50 
19.40 
19.30 
19.30 
19.20 
19.20 
19.20 
19.10 
24.10 
22.90 
22.00 
22.00 
21.70 
21.30 
21.10 
20.90 
20.70 
20.80 
21.80 
21.60 
21.10 
20.80 
20.60 
20.40 
20.30 
20.20 
20.10 
20.10 
20.00 
20.00 
19.90 
19.90 
19.80 
19.80 
19.70 
19.70 
19.60 
19.50 
19.40 
19.30 
19.30 
19.20 
19.20 
19.20 
19.20 
19.20 
19.20 
19.10 
19.10 
19.10 
19.10 
19.10 
19.10 
19.10 
19.00 
19.00 
19.00 
19.00 
18.90 
18.90 
18.80 
18.70 
18.60 
18.60 
18.50 
18.40 
18.40 
18.40 
18.40 
18.40 
18.40 
18.40 
18.40 
18.40 
18.40 
18.40 
18.40 
18.40 
18.40 
18.40 
18.30 
18.30 
18.30 
18.30 
18.30 
18.30 
18.30 
18.30 
18.30 
18.30 
18.30 
18.30 
18.30 
18.30 
18.30 
18.30 
18.30 
18.30 
18.30 
18.30 
18.30 
18.30 
18.30 
18.30 
18.30 
18.30 
18.20 
18.10 
18.00 
17.90 
17.80 
17.80 
17.70 
17.70 
17.70 
17.70 
17.70 
17.70 
17.70 
17.70 
17.70 
17.70 
17.70 
17.70 
17.70 
17.70 
17.70 
17.70 
17.70 
17.70 
17.70 
17.60 
17.50 
17.40 
17.40 
17.30 
17.20 
19.90 
20.00 
23.20 
21.40 
20.80 
20.50 
20.20 
20.10 
19.90 
19.90 
19.80 
19.70 
19.60 
19.60 
19.50 
19.50 
19.40 
19.40 
19.30 
19.30 
19.20 
19.10 
19.00 
18.90 
18.80 
18.80 
18.80 
18.80 
18.80 
18.80 
18.80 
18.80 
18.80 
18.70 
18.80 
18.70 
18.70 
18.70 
18.70 
18.70 
18.70 
18.70 
18.60 
18.60 
18.60 
24.40 
22.40 
21.60 
21.10 
21.00 
21.00 
21.00 
24.80 
22.50 
21.70 
21.30 
21.00 
20.80 
20.60 
20.40 
20.30 
20.20 
20.10 
20.10 
20.00 
19.90 
19.90 
19.80 
19.80 
19.70 
19.70 
19.70 
19.60 
19.60 
19.50 
19.50 
19.50 
19.40 
19.40 
19.40 
19.50 
19.50 
19.50 
19.50 
19.50 
19.50 
19.50 
19.50 
19.40 
19.40 
19.40 
19.40 
19.30 
19.30 
19.20 
19.10 
19.10 
19.10 
19.10 
19.10 
19.10 
19.00 
19.00 
19.00 
19.00 
19.00 
18.90 
19.00 
18.90 
18.90 
18.90 
18.90 
18.80 
18.80 
18.80 
18.70 
18.60 
18.40 
18.40 
18.30 
18.30 
18.20 
18.20 
18.20 
18.20 
18.20 
18.20 
18.20 
18.20 
18.20 
18.20 
18.20 
18.20 
18.20 
18.20 
18.20 
18.20 
18.20 
18.20 
18.00 
18.00 
17.90 
17.80 
17.70 
17.70 
17.70 
17.60 
17.70 
17.70 
17.70 
17.70 
17.70 
17.70 
17.70 
17.70 
17.70 
17.70 
17.70 
17.70 
17.70 
17.70 
17.60 
17.60 
17.40 
17.30 
17.10 
17.00 
16.90 
16.80 
17.00 
17.10 
17.20 
17.30 
17.30 
17.40 
17.50 
17.60 
17.70 
17.70 
17.80 
17.80 
17.80 
17.90 
17.90 
17.90 
17.90 
17.90 
17.90 
17.90 
17.80 
17.80 
17.80 
17.80 
17.80 
17.80 
17.80 
17.80 
17.80 
17.90 
17.90 
17.90 
17.90 
17.90 
17.90 
18.00 
18.00 
18.00 
18.00 
18.00 
18.00 
18.00 
18.00 
17.90 
17.80 
17.70 
17.70 
17.60 
17.60 
17.60 
17.60 
17.60 
17.70 
17.70 
17.70 
17.80 
17.80 
17.80 
17.80 
17.80 
18.50 
20.30 
21.00 
20.60 
20.30 
22.50 
21.30 
20.70 
20.40 
20.10 
19.90 
19.80 
19.70 
19.60 
19.50 
19.40 
19.40 
19.30 
19.30 
19.30 
22.80 
21.50 
20.90 
20.50 
20.30 
20.10 
20.00 
19.90 
19.80 
19.70 
20.10 
25.60 
22.90 
22.00 
21.50 
21.20 
21.00 
20.90 
20.80 
20.70 
20.60 
20.50 
20.40 
20.40 
20.30 
20.30 
20.20 
20.20 
20.20 
20.20 
20.10 
20.10 
20.10 
20.00 
19.90 
19.90 
19.70 
19.60 
19.50 
19.50 
19.50 
19.50 
19.50 
19.50 
19.50 
19.40 
19.50 
19.40 
19.50 
19.40 
19.40 
19.40 
19.40 
19.40 
19.40 
19.40 
19.30 
19.20 
19.10 
18.90 
18.80 
18.70 
18.60 
18.50 
18.50 
18.40 
18.40 
18.40 
18.40 
18.40 
18.40 
18.40 
18.40 
18.40 
18.40 
18.40 
18.40 
18.50 
18.40 
18.40 
18.40 
18.30 
18.20 
18.00 
17.90 
17.70 
17.60 
17.50 
17.50 
17.50 
17.50 
17.50 
17.50 
17.50 
17.50 
17.60 
17.60 
17.60 
17.60 
17.60 
17.60 
17.60 
17.60 
17.60 
17.50 
17.40 
17.30 
17.10 
17.00 
16.70 
16.70 
16.60 
16.60 
16.70 
16.60 
16.70 
16.70 
16.70 
16.70 
16.80 
16.80 
16.80 
16.80 
16.80 
16.80 
16.80 
16.90 
16.90 
16.90 
16.80 
16.80 
16.80 
16.70 
16.60 
16.50 
24.30 
21.80 
20.90 
20.50 
20.30 
20.10 
20.00 
20.00 
19.90 
19.80 
19.70 
19.70 
19.60 
19.60 
19.50 
19.50 
19.50 
19.40 
19.40 
19.30 
19.30 
19.20 
19.10 
19.10 
19.00 
19.00 
19.00 
18.90 
18.90 
18.90 
18.90 
18.90 
18.90 
18.90 
18.90 
18.90 
18.90 
18.90 
18.80 
18.80 
18.80 
18.80 
18.70 
18.70 
22.20 
21.50 
21.00 
20.70 
20.40 
20.30 
20.20 
20.10 
20.00 
19.90 
19.80 
19.80 
19.70 
19.70 
19.70 
19.60 
19.60 
19.60 
19.50 
19.50 
19.50 
19.50 
19.40 
19.30 
19.20 
19.00 
18.90 
18.80 
18.80 
18.80 
18.80 
18.80 
18.80 
18.80 
18.80 
18.80 
18.80 
18.80 
18.80 
18.80 
18.80 
18.80 
18.80 
18.80 
18.80 
18.70 
18.70 
18.60 
18.50 
18.40 
18.30 
18.30 
18.20 
18.20 
18.20 
18.20 
18.30 
18.20 
18.30 
18.30 
18.30 
18.30 
18.30 
18.30 
18.30 
18.30 
18.30 
18.30 
18.30 
18.20 
18.20 
18.10 
18.00 
17.90 
17.70 
17.70 
17.60 
17.60 
17.60 
17.60 
17.60 
17.70 
17.70 
17.70 
17.70 
17.70 
17.70 
17.70 
17.70 
17.70 
17.70 
17.70 
17.70 
17.70 
17.70 
17.60 
17.60 
17.50 
17.50 
17.50 
17.40 
17.40 
17.40 
17.40 
17.40 
17.40 
17.40 
17.40 
17.40 
17.40 
17.40 
17.40 
17.40 
17.40 
17.40 
17.40 
17.40 
17.40 
17.40 
17.40 
17.50 
18.90 
18.70 
18.70 
18.70 
18.80 
18.90 
18.90 
19.00 
19.00 
19.00 
19.00 
19.00 
19.00 
19.00 
19.00 
19.00 
19.00 
19.00 
19.00 
19.00 
19.00 
19.00 
18.90 
18.90 
18.90 
18.80 
18.80 
18.80 
18.90 
18.90 
18.90 
18.90 
18.90 
18.90 
18.90 
18.90 
18.90 
18.90 
18.90 
18.90 
18.90 
18.90 
18.90 
18.90 
18.90 
18.80 
18.70 
18.60 
18.60 
18.50 
18.50 
18.50 
18.50 
18.50 
18.50 
18.30 
22.60 
21.30 
20.90 
20.50 
20.40 
20.20 
20.10 
20.00 
19.90 
19.90 
19.90 
20.90 
24.60 
22.20 
21.50 
21.10 
21.00 
21.00 
20.90 
20.80 
20.60 
20.50 
20.40 
20.30 
20.20 
20.20 
20.10 
20.00 
20.00 
20.00 
19.90 
19.90 
19.80 
19.80 
19.80 
19.70 
19.70 
19.60 
19.60 
19.50 
19.50 
19.40 
19.40 
19.40 
19.30 
19.30 
19.30 
19.30 
19.30 
19.30 
19.30 
19.20 
19.20 
19.20 
19.20 
19.20 
19.20 
19.20 
19.20 
19.20 
19.10 
19.10 
19.00 
18.90 
18.90 
18.80 
18.80 
18.80 
18.80 
18.80 
18.80 
18.80 
18.80 
18.80 
18.80 
18.80 
18.80 
18.80 
18.80 
18.70 
18.80 
18.80 
18.70 
18.70 
18.70 
18.70 
18.60 
18.50 
18.50 
18.40 
18.30 
18.20 
18.20 
18.20 
18.20 
18.20 
18.20 
18.20 
18.20 
18.20 
18.20 
18.20 
18.20 
18.30 
18.30 
18.30 
18.30 
18.20 
18.20 
18.20 
18.10 
18.10 
18.00 
18.00 
17.90 
17.80 
17.80 
17.80 
17.80 
17.80 
17.80 
17.90 
17.90 
17.80 
17.90 
17.90 
17.90 
17.80 
17.90 
17.90 
17.90 
17.90 
17.90 
17.90 
17.80 
17.80 
17.70 
17.70 
17.60 
17.60 
17.60 
17.60 
17.60 
17.60 
17.60 
17.60 
21.70 
21.00 
20.70 
20.50 
20.40 
20.30 
20.50 
20.60 
20.60 
20.50 
20.40 
20.40 
20.30 
20.20 
20.10 
20.00 
20.00 
21.90 
21.80 
21.50 
21.10 
20.90 
20.70 
20.50 
20.40 
20.30 
20.20 
20.10 
20.10 
20.00 
20.00 
19.90 
19.90 
19.90 
19.80 
19.80 
19.70 
19.60 
19.50 
19.40 
19.40 
19.40 
19.40 
20.00 
20.60 
20.70 
20.80 
20.90 
20.80 
20.80 
20.80 
20.70 
21.60 
21.50 
21.20 
21.00 
20.80 
20.70 
20.50 
20.50 
20.30 
20.30 
20.20 
20.10 
20.10 
20.10 
20.10 
20.10 
20.10 
20.10 
20.00 
20.00 
19.90 
19.90 
19.90 
19.90 
19.90 
19.80 
19.80 
19.80 
19.80 
19.70 
19.70 
19.70 
19.70 
19.70 
19.60 
19.50 
19.50 
19.50 
19.40 
19.40 
19.40 
19.40 
19.40 
19.40 
19.70 
20.00 
20.10 
20.20 
20.10 
20.20 
20.10 
20.10 
20.10 
20.10 
20.10 
20.00 
20.00 
20.00 
19.90 
19.90 
19.80 
19.70 
19.70 
19.70 
19.70 
19.60 
19.60 
19.60 
19.60 
19.60 
19.60 
19.60 
19.70 
19.70 
19.80 
19.80 
19.80 
19.90 
19.90 
19.90 
19.90 
19.80 
19.70 
19.70 
19.60 
19.60 
19.60 
19.60 
19.60 
19.60 
19.50 
19.60 
19.50 
19.50 
19.50 
19.50 
19.50 
19.50 
19.50 
19.50 
19.50 
19.50 
19.40 
19.40 
19.30 
19.20 
19.20 
19.20 
19.20 
19.20 
19.20 
19.10 
19.10 
19.10 
19.10 
19.10 
19.10 
19.10 
19.10 
19.10 
19.10 
19.10 
19.10 
19.10 
19.10 
19.10 
19.00 
19.00 
18.90 
18.90 
18.80 
18.80 
18.80 
18.80 
18.80 
18.80 
18.80 
18.80 
18.80 
18.80 
18.80 
18.80 
18.80 
18.80 
18.80 
18.80 
18.80 
18.80 
18.80 
18.80 
18.80 
18.70 
18.60 
18.40 
18.30 
18.30 
18.20 
18.10 
18.10 
18.10 
18.10 
18.10 
18.20 
18.20 
18.20 
18.20 
18.20 
18.20 
18.20 
18.20 
18.20 
18.20 
18.20 
18.20 
18.10 
18.10 
17.90 
17.80 
17.70 
17.60 
17.60 
17.60 
17.50 
17.50 
17.50 
17.60 
17.60 
17.60 
17.60 
17.60 
17.60 
17.60 
17.60 
17.60 
17.60 
17.60 
17.60 
17.60 
17.60 
17.60 
17.50 
17.50 
17.40 
17.30 
17.20 
17.10 
17.10 
17.10 
17.10 
17.20 
17.20 
17.20 
17.10 
17.20 
17.20 
17.10 
17.20 
17.20 
17.20 
17.20 
17.20 
17.20 
17.10 
17.10 
17.00 
16.90 
16.80 
16.70 
16.60 
16.50 
16.50 
16.50 
16.50 
16.50 
16.50 
16.50 
16.50 
16.50 
16.60 
16.50 
16.50 
16.50 
16.50 
16.50 
16.50 
16.50 
16.50 
16.40 
16.30 
16.30 
16.30 
16.30 
16.30 
16.30 
16.30 
16.30 
16.30 
16.30 
16.30 
16.30 
16.30 
16.40 
16.40 
16.40 
16.30 
16.40 
16.40 
16.40 
16.40 
16.30 
16.30 
16.20 
16.10 
15.90 
15.70 
15.60 
15.50 
15.40 
15.30 
15.30 
15.30 
15.40 
15.40 
15.40 
15.40 
15.40 
15.40 
15.40 
15.40 
15.40 
15.40 
15.40 
15.40 
15.40 
15.40 
15.30 
15.20 
15.00 
14.90 
14.80 
14.80 
14.70 
14.70 
14.70 
14.70 
14.70 
14.70 
14.70 
14.70 
14.70 
14.70 
14.80 
14.80 
14.80 
14.80 
14.80 
14.80 
14.80 
14.70 
14.70 
14.70 
14.70 
14.70 
14.70 
14.70 
14.70 
14.80 
14.80 
14.80 
14.80 
14.90 
14.90 
15.00 
15.50 
15.80 
16.70 
17.20 
17.50 
17.60 
17.60 
17.70 
17.80 
17.80 
17.80 
17.80 
17.80 
17.70 
17.70 
17.70 
17.70 
17.70 
17.70 
17.70 
18.10 
18.30 
18.40 
18.40 
18.40 
18.40 
18.40 
18.30 
18.30 
18.30 
18.30 
18.30 
18.30 
18.20 
18.20 
18.10 
18.10 
18.00 
18.00 
18.00 
17.90 
18.00 
18.00 
18.00 
17.90 
18.00 
17.90 
17.90 
17.90 
17.90 
17.90 
17.90 
17.90 
17.90 
17.90 
18.00 
18.00 
17.90 
18.10 
18.00 
17.90 
17.80 
17.90 
18.00 
17.90 
17.90 
17.90 
17.90 
18.10 
17.70 
17.70 
17.70 
17.60 
17.70 
17.70 
17.70 
17.70 
17.60 
17.60 
17.60 
17.60 
17.60 
17.60 
17.50 
17.40 
17.30 
17.20 
17.10 
17.00 
17.10 
17.10 
17.10 
17.10 
17.10 
18.50 
18.40 
18.40 
18.50 
18.60 
18.60 
18.60 
18.60 
18.60 
18.60 
18.50 
18.50 
18.50 
18.50 
18.40 
18.40 
18.30 
18.20 
18.20 
18.30 
21.20 
20.60 
20.10 
19.80 
19.70 
19.60 
19.60 
19.90 
21.30 
21.20 
20.60 
21.10 
20.80 
20.60 
21.30 
20.90 
20.50 
20.20 
20.00 
19.80 
19.70 
19.60 
19.60 
19.50 
19.40 
20.00 
20.20 
20.10 
20.00 
19.90 
19.80 
19.70 
19.60 
19.50 
19.50 
19.40 
19.30 
19.30 
19.30 
19.20 
19.20 
19.10 
19.10 
19.00 
19.00 
18.90 
18.80 
18.80 
18.80 
18.70 
18.70 
18.70 
18.70 
18.70 
18.70 
18.70 
18.60 
18.60 
18.60 
18.60 
18.60 
18.60 
18.60 
18.50 
18.40 
18.30 
18.20 
18.10 
18.00 
17.90 
17.90 
17.90 
17.90 
17.90 
18.10 
18.20 
18.30 
18.40 
18.40 
18.50 
18.50 
18.50 
18.50 
18.50 
18.50 
18.50 
18.50 
18.50 
18.40 
18.40 
18.20 
18.20 
18.10 
18.10 
18.10 
18.10 
18.10 
18.10 
18.10 
18.20 
18.20 
18.10 
18.20 
18.20 
18.20 
18.20 
18.20 
18.20 
18.20 
18.20 
18.20 
18.10 
18.10 
18.10 
18.10 
18.00 
18.00 
18.00 
18.00 
18.00 
18.10 
18.10 
18.10 
18.10 
18.20 
18.20 
18.20 
18.20 
18.20 
18.20 
18.30 
18.30 
18.30 
21.80 
21.90 
21.50 
20.90 
20.40 
21.20 
21.90 
21.20 
20.80 
20.50 
20.30 
20.10 
20.00 
19.80 
19.70 
19.70 
19.60 
19.60 
19.50 
19.50 
19.40 
19.40 
19.50 
19.50 
19.50 
19.50 
19.50 
19.40 
19.40 
23.60 
22.00 
21.20 
20.80 
20.40 
20.20 
24.90 
21.70 
24.90 
22.70 
21.60 
21.10 
20.80 
28.80 
23.40 
22.20 
21.50 
21.20 
21.10 
21.00 
20.80 
20.70 
20.50 
20.40 
20.30 
20.20 
20.10 
20.00 
20.00 
19.90 
19.80 
19.80 
19.80 
19.70 
19.70 
19.60 
19.60 
19.60 
19.50 
19.50 
19.40 
19.40 
19.40 
19.40 
19.30 
19.30 
19.20 
19.20 
23.10 
21.90 
21.20 
20.80 
20.60 
20.40 
20.20 
20.10 
20.00 
19.90 
19.80 
19.80 
19.70 
19.60 
19.60 
19.60 
19.50 
19.50 
19.40 
19.40 
19.40 
19.30 
19.30 
19.20 
19.10 
19.00 
18.90 
26.30 
22.10 
21.40 
21.10 
20.80 
20.80 
20.50 
20.20 
20.20 
20.20 
20.20 
20.20 
20.20 
20.20 
19.90 
19.90 
19.90 
19.90 
19.90 
19.80 
19.80 
19.70 
24.40 
22.50 
21.60 
21.20 
20.90 
21.10 
20.90 
20.80 
20.60 
20.50 
20.50 
20.40 
20.30 
20.30 
20.20 
20.10 
20.10 
20.10 
20.00 
20.10 
20.00 
19.90 
19.90 
19.80 
19.60 
19.50 
19.50 
19.50 
19.50 
19.40 
19.40 
19.40 
19.40 
19.40 
19.40 
19.40 
19.40 
19.40 
19.30 
19.30 
19.30 
19.30 
19.30 
19.30 
19.20 
19.10 
19.00 
18.90 
18.80 
18.60 
18.50 
18.50 
18.50 
18.50 
14.57 
14.57 
14.57 
14.57 
14.57 
14.57 
14.57 
14.57 
14.58 
14.58 
14.58 
14.58 
14.58 
14.58 
14.58 
14.58 
14.59 
14.59 
14.59 
14.59 
14.59 
14.59 
14.59 
14.59 
14.60 
14.60 
14.60 
14.60 
14.60 
14.60 
14.60 
14.60 
14.61 
14.61 
14.61 
14.61 
14.61 
14.61 
14.61 
14.62 
14.62 
14.62 
14.62 
14.62 
14.62 
14.62 
14.62 
14.63 
14.63 
14.63 
14.63 
14.63 
14.63 
14.63 
14.64 
14.64 
14.64 
14.64 
14.64 
14.64 
14.65 
14.65 
14.65 
14.65 
14.65 
14.65 
14.65 
14.66 
14.66 
14.66 
14.66 
14.66 
14.66 
14.66 
14.67 
14.67 
14.67 
14.67 
14.67 
14.67 
14.68 
14.68 
14.68 
14.68 
14.68 
14.68 
14.69 
14.69 
14.69 
14.69 
14.69 
14.69 
14.70 
14.70 
14.70 
14.70 
14.70 
14.70 
14.71 
14.71 
14.71 
14.71 
14.71 
14.71 
14.72 
14.72 
14.72 
14.72 
14.72 
14.73 
14.73 
14.73 
14.73 
14.73 
14.73 
14.74 
14.74 
14.74 
14.74 
14.74 
14.75 
14.75 
14.75 
14.75 
14.75 
14.75 
14.76 
14.76 
14.76 
14.76 
14.76 
14.77 
14.77 
14.77 
14.77 
14.77 
14.78 
14.78 
14.78 
14.78 
14.78 
14.79 
14.79 
14.79 
14.79 
14.79 
14.80 
14.80 
14.80 
14.80 
14.80 
14.81 
14.81 
14.81 
14.81 
14.81 
14.82 
14.82 
14.82 
14.82 
14.82 
14.83 
14.83 
14.83 
14.83 
14.83 
14.84 
14.84 
14.84 
14.84 
14.85 
14.85 
14.85 
14.85 
14.85 
14.86 
14.86 
14.86 
14.86 
14.87 
14.87 
14.87 
14.87 
14.87 
14.88 
14.88 
14.88 
14.88 
14.89 
14.89 
14.89 
14.89 
14.89 
19.30 
19.80 
20.30 
20.20 
20.10 
20.10 
20.10 
20.00 
19.90 
19.90 
19.80 
19.80 
19.10 
20.70 
20.70 
20.70 
20.70 
20.70 
20.70 
22.20 
20.90 
20.90 
20.90 
19.50 
20.50 
20.30 
20.30 
20.30 
20.10 
20.10 
20.00 
20.00 
19.90 
19.90 
19.80 
19.80 
19.80 
17.40 
17.40 
17.40 
17.40 
17.40 
17.40 
17.40 
17.40 
14.90 
19.00 
19.00 
19.00 
19.00 
18.90 
18.90 
18.90 
18.90 
18.90 
18.80 
18.80 
18.90 
18.80 
18.80 
18.80 
18.30 
18.30 
18.30 
18.30 
18.30 
18.30 
18.30 
17.80 
17.80 
17.80 
17.70 
17.80 
17.70 
17.70 
17.70 
17.70 
17.70 
17.80 
17.70 
17.70 
17.70 
17.70 
17.70 
17.70 
17.60 
17.60 
17.50 
17.30 
17.10 
16.90 
16.80 
16.80 
16.80 
16.70 
16.70 
16.70 
16.70 
16.70 
16.70 
16.70 
16.70 
16.70 
16.70 
16.70 
16.70 
16.70 
16.70 
16.70 
16.60 
16.60 
16.40 
16.20 
16.00 
15.80 
15.60 
15.50 
15.50 
15.50 
15.40 
15.50 
15.40 
15.40 
15.50 
15.40 
15.40 
15.50 
15.50 
15.50 
15.50 
15.50 
15.50 
15.50 
15.40 
15.40 
15.30 
15.20 
15.00 
14.80 
14.70 
14.70 
14.60 
14.60 
14.60 
14.60 
14.60 
14.60 
14.60 
14.60 
14.60 
14.60 
14.60 
14.60 
14.60 
14.60 
14.60 
14.60 
14.50 
14.50 
14.40 
14.30 
14.10 
13.90 
13.90 
13.70 
13.70 
13.70 
13.70 
13.70 
13.70 
13.70 
13.70 
13.70 
13.70 
13.70 
13.70 
13.60 
13.70 
13.70 
13.70 
13.70 
13.70 
13.60 
13.50 
13.40 
13.20 
13.10 
12.90 
12.90 
12.80 
12.80 
12.80 
12.70 
12.80 
12.70 
12.80 
12.80 
12.70 
12.70 
12.80 
12.80 
12.70 
12.80 
12.80 
12.80 
12.80 
12.70 
12.70 
12.60 
12.40 
12.40 
12.40 
12.40 
12.50 
12.40 
12.50 
12.50 
12.50 
12.50 
12.50 
12.50 
12.50 
12.50 
12.50 
12.50 
12.50 
12.50 
12.50 
12.50 
12.50 
12.50 
12.50 
12.40 
12.40 
12.40 
15.80 
15.40 
15.20 
15.20 
15.10 
15.10 
15.20 
15.20 
15.20 
15.30 
15.30 
15.40 
15.40 
15.40 
15.50 
15.50 
15.50 
15.60 
15.60 
15.60 
15.60 
15.50 
15.40 
15.40 
15.20 
15.20 
15.10 
15.20 
15.20 
15.20 
15.20 
15.20 
15.20 
15.20 
15.20 
15.30 
15.30 
15.30 
15.30 
15.30 
15.30 
15.30 
15.30 
15.20 
15.00 
14.90 
14.70 
14.50 
14.40 
14.30 
14.40 
14.30 
14.30 
14.40 
14.30 
14.40 
14.40 
14.40 
14.40 
14.40 
14.40 
14.40 
14.40 
14.50 
14.50 
14.50 
14.50 
14.40 
14.30 
14.20 
14.10 
14.00 
13.90 
13.80 
13.80 
13.90 
13.80 
13.90 
13.90 
13.90 
13.90 
13.90 
13.90 
13.90 
13.90 
14.00 
14.00 
14.00 
14.00 
14.00 
13.90 
13.80 
13.80 
13.70 
13.50 
13.50 
13.40 
13.40 
13.40 
13.40 
13.30 
13.40 
13.40 
13.40 
13.30 
13.40 
13.40 
13.40 
13.40 
13.40 
13.40 
13.40 
13.40 
13.40 
13.40 
13.30 
13.30 
13.10 
13.10 
13.00 
12.90 
12.90 
12.80 
12.80 
12.90 
12.80 
12.80 
12.90 
12.90 
12.90 
12.90 
12.90 
13.00 
13.00 
13.00 
13.00 
13.00 
13.00 
13.00 
13.00 
13.00 
13.00 
12.90 
12.90 
12.90 
12.90 
12.90 
12.80 
12.90 
12.80 
12.80 
12.80 
12.80 
12.80 
12.80 
12.80 
12.80 
13.30 
13.90 
17.20 
17.80 
21.20 
21.10 
19.70 
21.60 
20.40 
21.60 
20.90 
19.60 
20.70 
20.50 
19.80 
19.40 
19.10 
18.80 
18.60 
20.20 
20.00 
23.00 
23.40 
22.40 
26.30 
26.80 
22.30 
21.00 
20.40 
19.90 
19.60 
19.30 
19.20 
19.00 
18.90 
18.90 
18.90 
18.90 
18.90 
18.80 
18.70 
18.70 
18.60 
18.60 
18.50 
18.50 
18.40 
18.40 
18.30 
18.30 
18.30 
18.30 
18.20 
18.20 
25.70 
22.10 
20.90 
25.40 
25.40 
25.80 
25.90 
23.50 
22.50 
22.00 
21.30 
20.70 
20.30 
20.00 
19.80 
19.60 
19.50 
19.30 
19.30 
19.20 
19.10 
19.00 
19.00 
18.80 
18.90 
18.80 
18.90 
18.90 
18.90 
18.90 
18.90 
18.90 
18.80 
18.80 
18.80 
18.80 
18.70 
18.70 
18.60 
18.60 
18.60 
18.60 
18.60 
18.50 
18.50 
18.50 
18.40 
18.50 
18.40 
18.30 
18.40 
18.40 
18.50 
18.50 
18.50 
18.50 
18.10 
22.50 
21.00 
20.40 
20.00 
19.80 
19.60 
19.50 
19.30 
19.20 
19.10 
19.10 
19.00 
18.90 
18.90 
18.80 
18.80 
18.70 
18.60 
18.50 
18.40 
18.30 
18.20 
18.00 
17.90 
17.90 
17.90 
17.90 
17.80 
17.80 
17.80 
17.80 
17.80 
17.80 
17.80 
17.80 
17.80 
17.80 
17.80 
17.70 
17.70 
17.50 
17.40 
17.40 
17.20 
17.10 
17.10 
17.10 
17.00 
17.00 
17.00 
17.00 
17.00 
17.00 
17.00 
17.00 
17.00 
17.00 
17.00 
17.00 
17.00 
17.00 
17.00 
17.00 
16.90 
16.70 
16.60 
16.40 
16.30 
16.10 
16.10 
16.10 
16.10 
16.10 
16.00 
16.10 
16.10 
16.10 
16.10 
16.10 
16.10 
16.10 
16.10 
16.10 
17.10 
17.10 
16.90 
16.90 
16.70 
16.10 
16.00 
15.90 
15.80 
15.70 
15.70 
15.60 
15.70 
15.60 
15.60 
15.60 
15.60 
16.50 
16.50 
16.50 
16.50 
16.50 
16.60 
16.50 
16.60 
16.50 
16.40 
16.40 
16.30 
16.40 
16.10 
15.90 
15.70 
15.60 
15.70 
15.60 
15.70 
15.50 
15.50 
15.50 
15.40 
15.30 
14.60 
14.60 
14.60 
14.60 
14.60 
14.60 
14.60 
14.60 
14.60 
14.50 
14.50 
14.40 
14.30 
14.20 
14.10 
14.10 
14.10 
14.10 
14.00 
14.00 
14.10 
14.10 
14.10 
14.10 
14.10 
14.10 
14.00 
14.10 
14.10 
14.10 
14.10 
14.10 
14.10 
14.00 
14.00 
13.90 
13.80 
13.60 
13.60 
13.50 
13.50 
13.50 
13.40 
13.40 
13.40 
13.40 
13.40 
13.40 
13.50 
13.40 
13.40 
13.40 
13.40 
13.20 
13.40 
13.40 
13.40 
13.40 
13.50 
13.50 
13.50 
13.50 
13.50 
13.40 
13.40 
13.40 
13.40 
13.40 
13.40 
13.20 
13.40 
13.30 
13.30 
13.30 
13.30 
13.30 
13.30 
13.40 
13.40 
13.40 
13.40 
13.40 
13.40 
13.40 
13.40 
13.40 
14.10 
13.80 
13.80 
13.80 
13.80 
13.80 
13.80 
13.80 
13.70 
13.80 
13.80 
13.80 
13.90 
13.80 
13.90 
13.90 
13.90 
13.90 
13.90 
13.90 
14.00 
14.00 
13.90 
13.90 
13.80 
13.70 
13.70 
13.70 
13.70 
13.70 
13.80 
13.70 
13.70 
13.80 
13.80 
13.70 
13.80 
13.80 
13.80 
13.80 
13.80 
13.80 
13.80 
13.70 
13.70 
13.60 
13.50 
13.40 
13.30 
13.20 
13.20 
13.20 
13.20 
13.20 
13.20 
13.20 
13.20 
13.20 
13.20 
13.20 
13.30 
13.30 
13.30 
13.30 
13.20 
13.20 
13.20 
13.20 
13.10 
13.00 
12.90 
13.00 
13.00 
12.90 
13.10 
13.20 
13.10 
13.10 
13.10 
13.10 
13.20 
13.20 
13.20 
13.20 
13.20 
13.30 
13.30 
13.30 
13.40 
13.30 
13.30 
13.40 
13.40 
13.30 
13.20 
13.20 
13.30 
13.30 
13.30 
13.30 
13.40 
13.40 
13.40 
13.40 
13.40 
13.40 
13.40 
13.40 
13.40 
13.40 
13.40 
13.40 
13.40 
13.40 
13.40 
13.40 
13.30 
16.00 
20.80 
19.40 
18.60 
18.10 
17.90 
17.70 
17.50 
17.40 
17.20 
17.10 
17.00 
17.00 
16.90 
16.80 
16.80 
16.90 
16.90 
16.90 
16.80 
16.80 
16.70 
16.70 
16.70 
16.60 
16.50 
16.40 
16.30 
16.00 
15.90 
16.00 
16.00 
16.00 
16.00 
16.00 
16.00 
16.00 
16.00 
16.00 
16.00 
16.00 
16.00 
16.00 
16.00 
16.00 
16.00 
16.00 
16.00 
16.00 
15.90 
15.80 
15.80 
15.70 
15.70 
15.70 
15.70 
15.70 
15.70 
15.70 
15.70 
15.80 
15.80 
15.80 
15.90 
16.00 
15.90 
16.00 
16.00 
16.00 
16.00 
16.00 
16.00 
16.00 
15.90 
15.70 
15.40 
15.30 
15.30 
15.30 
15.30 
15.30 
15.40 
15.40 
15.40 
15.40 
15.40 
15.40 
15.50 
15.50 
15.50 
15.50 
15.60 
15.60 
15.60 
15.60 
15.60 
15.60 
15.60 
15.40 
15.10 
15.00 
15.00 
14.90 
14.90 
15.00 
15.00 
15.00 
15.00 
15.10 
15.00 
15.10 
15.00 
15.00 
15.10 
15.00 
15.00 
15.00 
15.00 
15.00 
15.00 
15.00 
14.90 
14.90 
14.90 
14.90 
15.00 
15.00 
15.00 
15.20 
15.30 
15.30 
15.40 
15.50 
15.60 
15.70 
15.80 
15.80 
15.80 
15.90 
15.90 
15.90 
15.90 
16.00 
16.00 
16.00 
16.00 
16.00 
16.00 
20.70 
19.40 
18.80 
18.50 
18.30 
18.10 
18.00 
17.90 
17.80 
17.70 
17.60 
17.50 
17.80 
20.40 
19.40 
18.90 
18.60 
18.40 
18.20 
18.10 
19.20 
19.10 
18.80 
18.50 
18.30 
18.20 
18.00 
17.90 
17.80 
17.70 
17.70 
17.60 
17.50 
17.50 
17.40 
17.40 
17.30 
17.30 
17.20 
17.20 
17.20 
17.10 
17.10 
17.00 
16.90 
16.70 
16.40 
16.10 
15.90 
15.90 
16.00 
16.00 
16.00 
16.00 
16.00 
15.90 
15.90 
15.90 
15.90 
15.90 
15.90 
15.90 
15.90 
15.90 
15.90 
15.90 
15.80 
15.80 
15.60 
15.50 
15.30 
15.20 
15.00 
14.90 
14.90 
14.90 
14.90 
14.90 
14.90 
14.90 
14.80 
14.90 
14.90 
14.90 
14.80 
14.80 
14.90 
14.90 
14.80 
14.80 
14.80 
14.70 
14.60 
14.40 
14.30 
14.20 
14.10 
14.20 
14.20 
14.20 
14.20 
14.20 
14.20 
14.20 
14.20 
14.20 
14.30 
14.30 
14.20 
14.20 
14.20 
14.20 
14.30 
14.30 
14.20 
14.30 
14.30 
14.30 
14.30 
14.50 
14.60 
27.50 
26.20 
21.30 
21.10 
20.10 
19.40 
19.00 
18.80 
18.60 
18.40 
18.30 
18.20 
18.10 
18.00 
17.90 
17.80 
17.80 
17.70 
17.60 
17.60 
17.50 
17.40 
17.30 
17.10 
17.10 
17.10 
17.00 
17.00 
16.90 
16.90 
16.80 
16.80 
16.70 
16.70 
16.70 
16.70 
16.60 
16.60 
16.50 
16.50 
16.40 
16.40 
16.30 
16.10 
16.00 
15.70 
15.40 
15.30 
15.30 
15.30 
15.30 
15.30 
15.30 
15.30 
15.30 
15.20 
15.20 
15.20 
15.20 
15.20 
15.20 
15.10 
15.10 
15.10 
15.10 
15.00 
14.90 
14.80 
14.60 
14.40 
14.20 
14.10 
14.10 
14.10 
14.10 
14.00 
14.00 
14.00 
14.00 
14.00 
13.90 
13.90 
13.90 
13.90 
13.80 
13.80 
13.80 
13.80 
13.80 
13.80 
13.70 
13.60 
13.40 
13.20 
12.90 
12.70 
12.70 
12.70 
22.49 
22.49 
22.50 
22.51 
22.51 
22.52 
22.53 
22.54 
22.54 
22.55 
22.56 
22.56 
22.57 
22.58 
22.58 
22.59 
22.60 
22.60 
22.61 
22.62 
22.62 
22.63 
22.64 
22.64 
22.65 
22.66 
22.66 
22.67 
22.68 
22.68 
22.69 
22.70 
22.70 
22.71 
22.72 
22.72 
22.73 
22.74 
22.74 
22.75 
22.75 
22.76 
22.77 
22.77 
22.78 
22.79 
22.79 
22.80 
22.80 
22.81 
22.82 
22.82 
22.83 
22.83 
22.84 
22.85 
22.85 
22.86 
22.86 
22.87 
22.88 
22.88 
22.89 
22.89 
22.90 
22.90 
22.91 
22.92 
22.92 
22.93 
22.93 
22.94 
22.94 
22.95 
22.95 
22.96 
22.96 
22.97 
22.98 
22.98 
22.99 
22.99 
23.00 
23.00 
23.01 
23.01 
23.02 
23.02 
23.03 
23.03 
23.04 
23.04 
23.05 
23.05 
23.06 
23.06 
23.07 
23.07 
23.08 
23.08 
23.09 
23.09 
23.10 
23.10 
23.11 
23.11 
23.12 
23.12 
23.12 
23.13 
23.13 
23.14 
23.14 
23.15 
23.15 
23.16 
23.16 
23.16 
23.17 
23.17 
23.18 
23.18 
23.19 
23.19 
23.19 
23.20 
23.20 
23.21 
23.21 
23.21 
23.22 
23.22 
23.22 
23.23 
23.23 
23.24 
23.24 
23.24 
23.25 
23.25 
23.25 
23.26 
23.26 
23.27 
23.27 
23.27 
23.28 
23.28 
23.28 
23.29 
23.29 
23.29 
23.30 
23.30 
23.30 
23.30 
23.31 
23.31 
23.31 
23.32 
23.32 
23.32 
23.33 
23.33 
23.33 
23.33 
23.34 
23.34 
23.34 
23.34 
23.35 
23.35 
23.35 
23.35 
23.36 
23.36 
23.36 
23.36 
23.37 
23.37 
23.37 
23.37 
23.38 
23.38 
23.38 
23.38 
23.38 
23.39 
23.39 
23.39 
23.39 
23.39 
23.40 
23.40 
23.40 
23.40 
23.40 
23.40 
23.41 
23.41 
23.41 
23.41 
23.41 
23.41 
23.41 
23.42 
23.42 
23.42 
23.42 
23.42 
23.42 
23.42 
23.42 
23.43 
23.43 
23.43 
23.43 
23.43 
23.43 
23.43 
23.43 
23.43 
23.43 
23.43 
23.43 
23.44 
23.44 
23.44 
23.44 
23.44 
23.44 
23.44 
23.44 
23.44 
23.44 
23.44 
23.44 
23.44 
23.44 
23.44 
23.44 
23.44 
23.44 
23.44 
23.44 
23.44 
23.44 
23.44 
23.44 
23.44 
23.44 
23.44 
23.44 
23.44 
23.43 
23.43 
23.43 
23.43 
23.43 
23.43 
23.43 
23.43 
23.43 
23.43 
23.43 
23.43 
23.42 
23.42 
23.42 
23.42 
23.42 
23.42 
23.42 
23.42 
23.41 
23.41 
23.41 
23.41 
23.41 
23.41 
23.40 
23.40 
23.40 
23.40 
23.40 
23.40 
23.39 
23.39 
23.39 
23.39 
23.38 
23.38 
23.38 
23.38 
23.38 
23.37 
23.37 
23.37 
23.37 
23.36 
23.36 
23.36 
23.36 
23.35 
23.35 
23.35 
23.34 
23.34 
23.34 
23.34 
23.33 
23.33 
23.33 
23.32 
23.32 
23.32 
23.31 
23.31 
23.31 
23.30 
23.30 
23.30 
23.29 
23.29 
23.28 
23.28 
23.28 
23.27 
23.27 
23.26 
23.26 
23.26 
23.25 
23.25 
23.24 
23.24 
23.24 
23.23 
23.23 
23.22 
23.22 
23.21 
23.21 
23.20 
23.20 
23.19 
23.19 
23.18 
23.18 
23.17 
23.17 
23.16 
23.16 
23.15 
23.15 
23.14 
23.14 
23.13 
23.13 
23.12 
23.12 
23.11 
23.11 
23.10 
23.09 
23.09 
23.08 
23.08 
23.07 
23.06 
23.06 
23.05 
23.05 
23.04 
23.03 
23.03 
23.02 
23.01 
23.01 
23.00 
23.00 
22.99 
22.98 
22.98 
22.97 
22.96 
22.95 
22.95 
22.94 
22.93 
22.93 
22.92 
22.91 
22.90 
22.90 
22.89 
22.88 
22.88 
22.87 
22.86 
22.85 
22.84 
22.84 
22.83 
22.82 
22.81 
22.81 
22.80 
22.79 
22.78 
22.77 
22.76 
22.76 
22.75 
22.74 
22.73 
22.72 
22.71 
22.71 
22.70 
22.69 
22.68 
22.67 
22.66 
22.65 
22.64 
22.63 
22.62 
22.62 
22.61 
22.60 
22.59 
22.58 
22.57 
22.56 
22.55 
22.54 
22.53 
22.52 
22.51 
22.50 
22.49 
22.48 
22.47 
22.46 
22.45 
22.44 
22.43 
22.42 
22.41 
22.40 
22.39 
22.38 
22.37 
22.35 
22.34 
22.33 
22.32 
22.31 
22.30 
22.29 
22.28 
22.27 
22.26 
22.24 
22.23 
22.22 
22.21 
22.20 
22.19 
22.17 
22.16 
22.15 
22.14 
22.13 
22.12 
22.10 
22.09 
22.08 
22.07 
22.05 
22.04 
22.03 
22.02 
22.00 
21.99 
21.98 
21.97 
21.95 
21.94 
21.93 
21.91 
21.90 
21.89 
21.88 
21.86 
21.85 
21.84 
21.82 
21.81 
21.80 
21.78 
21.77 
21.76 
21.74 
21.73 
21.71 
21.70 
21.69 
21.67 
21.66 
21.64 
21.63 
21.62 
21.60 
21.59 
21.57 
21.56 
21.55 
21.53 
21.52 
21.50 
21.49 
21.47 
21.46 
21.44 
21.43 
21.41 
21.40 
21.38 
21.37 
21.35 
21.34 
21.32 
21.31 
21.29 
21.28 
21.26 
21.25 
21.23 
21.22 
21.20 
21.19 
21.17 
21.15 
21.14 
21.12 
21.11 
21.09 
21.07 
21.06 
21.04 
21.03 
21.01 
20.99 
20.98 
20.96 
20.95 
20.93 
20.91 
20.90 
20.88 
20.86 
20.85 
20.83 
20.81 
20.80 
20.78 
20.76 
20.75 
20.73 
20.71 
20.70 
20.68 
20.66 
20.65 
20.63 
20.61 
20.59 
20.58 
20.56 
20.54 
20.53 
20.51 
20.49 
20.47 
20.46 
20.44 
20.42 
20.40 
20.39 
20.37 
20.35 
20.33 
20.32 
20.30 
20.28 
20.26 
20.24 
20.23 
20.21 
20.19 
20.17 
20.15 
20.14 
20.12 
20.10 
20.08 
20.06 
20.04 
20.03 
20.01 
19.99 
19.97 
19.95 
19.93 
19.91 
19.90 
19.88 
19.86 
19.84 
19.82 
19.80 
19.78 
19.76 
19.75 
19.73 
19.71 
19.69 
19.67 
19.65 
19.63 
19.61 
19.59 
19.57 
19.55 
19.54 
19.52 
19.50 
19.48 
19.46 
19.44 
19.42 
19.40 
19.38 
19.36 
19.34 
19.32 
19.30 
19.28 
19.26 
19.24 
19.22 
19.20 
19.18 
19.16 
19.14 
19.12 
19.10 
19.08 
19.06 
19.04 
19.02 
19.00 
18.98 
18.96 
18.94 
18.92 
18.90 
18.88 
18.86 
18.84 
18.82 
18.80 
18.78 
18.76 
18.74 
18.72 
18.70 
18.68 
18.66 
18.64 
18.62 
18.60 
18.58 
18.56 
18.54 
18.52 
18.50 
18.47 
18.45 
18.43 
18.41 
18.39 
18.37 
18.35 
18.33 
18.31 
18.29 
18.27 
18.25 
18.22 
18.20 
18.18 
18.16 
18.14 
18.12 
18.10 
18.08 
18.06 
18.04 
18.01 
17.99 
17.97 
17.95 
17.93 
17.91 
17.89 
17.87 
24.90 
24.80 
24.90 
25.00 
25.00 
25.10 
25.10 
25.10 
25.10 
25.10 
25.10 
25.10 
25.10 
25.10 
25.10 
25.10 
25.10 
25.00 
25.00 
25.00 
25.00 
25.00 
25.10 
25.10 
25.10 
25.10 
25.10 
25.10 
25.10 
25.00 
25.00 
24.90 
24.90 
24.90 
24.80 
24.80 
24.80 
24.80 
24.80 
24.70 
24.70 
24.70 
24.70 
24.60 
24.60 
24.60 
24.60 
24.70 
24.70 
24.80 
24.70 
24.80 
24.70 
24.70 
24.60 
24.50 
24.50 
24.40 
24.40 
24.30 
24.30 
24.30 
24.20 
24.20 
24.20 
24.10 
24.10 
24.10 
24.10 
24.10 
24.10 
24.10 
24.20 
24.20 
24.30 
24.30 
24.20 
24.10 
24.10 
24.00 
24.00 
24.00 
23.90 
23.90 
23.90 
23.80 
23.80 
23.70 
23.70 
23.70 
23.60 
23.60 
23.60 
23.60 
23.50 
23.50 
23.60 
23.70 
23.70 
23.70 
23.60 
23.60 
23.60 
23.50 
23.40 
23.40 
23.30 
23.30 
23.30 
23.20 
23.20 
23.20 
23.10 
23.10 
23.10 
23.00 
22.90 
22.90 
22.90 
22.90 
23.10 
23.10 
23.20 
23.10 
23.10 
23.00 
22.90 
22.90 
22.80 
22.70 
22.70 
22.60 
22.60 
22.60 
22.50 
22.50 
22.40 
22.30 
22.30 
22.30 
22.20 
22.10 
22.20 
22.20 
22.30 
22.40 
22.40 
22.40 
22.40 
22.30 
22.20 
22.20 
22.10 
22.00 
22.00 
21.90 
21.90 
21.80 
21.70 
21.60 
21.60 
21.60 
21.50 
21.40 
21.40 
21.40 
21.30 
21.40 
21.50 
21.60 
21.60 
21.50 
21.50 
21.40 
21.30 
21.30 
21.20 
21.20 
21.00 
21.00 
20.90 
20.90 
20.80 
20.80 
20.70 
20.60 
20.60 
20.60 
20.50 
20.50 
20.50 
20.50 
20.60 
20.70 
20.80 
20.70 
20.60 
20.50 
20.50 
20.40 
20.30 
20.30 
20.20 
20.10 
20.00 
20.00 
19.90 
19.90 
19.90 
19.80 
19.70 
19.70 
19.70 
19.60 
19.60 
19.60 
19.70 
19.80 
19.80 
19.80 
19.70 
19.60 
19.50 
19.40 
19.40 
19.30 
19.30 
19.20 
19.20 
19.10 
19.00 
19.00 
19.00 
18.90 
18.90 
18.80 
18.80 
18.80 
18.70 
18.80 
18.90 
18.90 
18.90 
19.00 
18.90 
18.90 
18.80 
18.70 
18.60 
18.50 
18.50 
18.40 
18.40 
18.30 
18.30 
18.20 
18.20 
18.20 
18.10 
18.10 
18.10 
18.10 
18.00 
18.10 
18.20 
18.30 
18.30 
18.20 
18.10 
18.10 
18.00 
18.00 
17.90 
17.90 
17.90 
17.80 
17.80 
17.70 
17.70 
17.60 
17.70 
17.60 
17.50 
17.50 
17.40 
17.40 
17.40 
17.40 
17.60 
17.60 
17.50 
17.50 
17.50 
17.40 
17.30 
17.30 
17.20 
17.30 
17.10 
17.10 
17.10 
17.00 
17.10 
16.90 
16.90 
16.90 
16.90 
16.90 
16.80 
16.70 
16.80 
16.80 
16.90 
17.00 
17.10 
16.90 
16.90 
17.00 
16.80 
16.70 
16.80 
16.60 
16.50 
16.60 
16.50 
16.50 
16.30 
16.30 
16.00 
16.00 
15.90 
15.80 
15.90 
15.80 
16.00 
16.00 
16.20 
16.10 
16.20 
16.00 
16.10 
16.10 
16.00 
15.70 
15.80 
15.70 
15.70 
15.40 
15.40 
15.30 
15.40 
15.20 
15.20 
15.10 
15.20 
15.00 
15.00 
15.10 
15.00 
15.10 
15.20 
15.40 
15.50 
15.50 
15.20 
15.30 
15.10 
15.20 
15.00 
15.00 
14.90 
14.70 
14.70 
14.70 
14.40 
14.50 
14.50 
14.30 
14.30 
14.30 
14.40 
14.20 
14.30 
14.70 
14.90 
14.80 
15.00 
14.70 
14.70 
14.70 
14.50 
14.60 
14.30 
14.40 
14.20 
14.20 
14.20 
14.20 
14.00 
14.10 
13.90 
13.90 
14.00 
13.70 
13.70 
13.90 
13.90 
14.10 
14.50 
14.60 
14.40 
14.60 
14.40 
14.30 
14.30 
14.10 
14.10 
14.00 
13.80 
13.70 
13.80 
13.60 
13.60 
13.50 
13.60 
13.60 
13.60 
13.50 
13.50 
13.40 
13.50 
13.60 
13.80 
13.80 
14.00 
14.00 
13.80 
13.80 
13.80 
13.70 
13.50 
13.50 
13.40 
13.40 
13.20 
13.10 
13.30 
13.10 
13.10 
13.10 
13.10 
12.90 
12.90 
12.90 
13.00 
13.20 
13.40 
13.60 
13.70 
13.60 
13.40 
13.50 
13.30 
13.20 
13.10 
13.10 
13.00 
12.90 
12.90 
12.80 
12.70 
12.70 
12.60 
12.60 
12.60 
12.50 
12.50 
12.60 
12.50 
12.80 
12.90 
13.10 
13.10 
13.00 
13.00 
12.90 
12.90 
12.70 
12.60 
12.60 
12.40 
12.40 
12.30 
12.30 
12.20 
12.20 
12.10 
12.00 
12.00 
12.00 
12.00 
11.90 
12.10 
12.20 
12.60 
12.60 
12.70 
12.60 
12.70 
12.50 
12.30 
12.30 
12.10 
12.00 
12.10 
11.90 
11.90 
11.80 
11.70 
11.70 
11.80 
11.60 
11.70 
11.50 
11.60 
11.40 
11.40 
11.60 
11.70 
11.90 
11.80 
11.80 
11.80 
11.80 
11.60 
11.40 
11.40 
11.30 
11.30 
11.20 
11.10 
11.00 
11.00 
11.00 
10.90 
10.90 
10.90 
10.70 
10.70 
10.90 
11.00 
11.10 
11.40 
11.50 
11.50 
11.50 
11.50 
11.30 
11.20 
11.20 
11.10 
10.90 
11.00 
10.80 
10.70 
10.80 
10.70 
10.70 
10.50 
10.60 
10.60 
10.50 
10.60 
10.70 
10.50 
10.60 
10.80 
11.00 
10.80 
10.80 
11.00 
10.80 
10.70 
10.80 
10.60 
10.60 
10.70 
10.50 
10.60 
10.50 
10.60 
10.30 
10.40 
10.30 
10.30 
10.30 
10.30 
10.20 
10.30 
10.60 
10.60 
10.60 
10.70 
10.80 
10.60 
10.70 
10.40 
10.60 
10.50 
10.30 
10.20 
10.10 
10.10 
10.20 
10.10 
10.10 
9.90 
10.00 
10.00 
9.90 
10.00 
9.80 
10.10 
10.10 
10.30 
10.40 
10.20 
10.50 
10.40 
10.30 
10.00 
10.00 
10.00 
9.90 
9.70 
9.60 
9.60 
9.60 
9.70 
9.30 
9.40 
9.40 
9.20 
9.00 
9.20 
9.30 
9.50 
9.60 
10.10 
10.20 
10.10 
10.10 
10.10 
10.10 
9.80 
9.90 
9.70 
9.40 
9.50 
9.40 
9.30 
9.10 
9.20 
9.10 
9.20 
9.10 
8.80 
8.90 
9.10 
8.80 
8.90 
9.30 
9.40 
9.80 
9.60 
9.70 
9.80 
9.60 
9.20 
9.10 
9.10 
9.10 
9.10 
8.70 
8.80 
8.90 
8.70 
8.80 
8.60 
8.50 
8.50 
8.60 
8.80 
8.70 
8.40 
8.60 
8.80 
8.70 
8.70 
8.80 
9.00 
9.00 
8.70 
8.50 
8.70 
8.70 
8.60 
8.40 
8.40 
8.20 
8.10 
8.30 
8.20 
8.20 
8.00 
8.30 
8.20 
8.10 
8.40 
8.20 
8.40 
8.60 
8.90 
8.90 
8.80 
8.50 
8.50 
8.40 
8.40 
8.30 
8.30 
8.20 
7.90 
7.80 
7.90 
7.80 
7.90 
7.80 
7.90 
8.10 
8.10 
8.20 
8.20 
8.70 
9.10 
8.90 
9.10 
9.20 
8.90 
8.90 
8.80 
8.80 
9.00 
8.80 
9.00 
8.90 
8.60 
8.70 
8.50 
8.50 
8.30 
8.30 
8.30 
8.30 
8.40 
8.40 
8.30 
8.50 
8.40 
8.60 
8.30 
8.40 
8.50 
8.60 
8.40 
8.50 
8.50 
8.50 
8.30 
8.50 
8.50 
8.40 
8.50 
8.30 
8.50 
8.40 
8.10 
8.10 
7.90 
7.90 
7.90 
8.30 
8.20 
8.30 
8.50 
8.40 
8.30 
8.10 
8.40 
8.30 
8.20 
8.00 
7.90 
7.90 
7.90 
7.90 
7.80 
7.80 
7.80 
7.70 
7.90 
7.80 
7.90 
7.80 
8.00 
7.70 
7.80 
7.80 
8.40 
8.00 
8.20 
8.30 
8.60 
11.90 
3.20 
10.90 
10.60 
14.30 
13.50 
15.30 
16.10 
17.50 
14.60 
13.00 
11.60 
13.00 
11.70 
10.40 
10.80 
12.30 
11.00 
12.80 
15.40 
15.50 
15.80 
14.40 
13.80 
13.40 
13.20 
14.20 
13.90 
13.60 
13.20 
13.00 
12.70 
12.50 
12.20 
11.70 
10.40 
8.70 
7.30 
6.00 
5.00 
3.60 
2.30 
1.90 
1.90 
2.10 
2.30 
3.20 
3.90 
4.80 
5.60 
6.10 
6.10 
6.80 
7.00 
7.80 
8.00 
8.70 
8.90 
8.80 
6.80 
4.00 
1.70 
1.70 
1.70 
1.70 
1.70 
1.70 
1.70 
1.70 
1.70 
1.70 
1.70 
1.70 
1.70 
0.90 
1.70 
3.00 
1.60 
4.40 
5.20 
5.70 
6.00 
5.80 
3.50 
8.54 
8.54 
8.55 
8.55 
8.56 
8.57 
8.57 
8.58 
8.58 
8.59 
8.60 
8.60 
8.61 
8.62 
8.62 
8.63 
8.64 
8.64 
8.65 
8.65 
8.66 
8.67 
8.67 
8.68 
8.69 
8.69 
8.70 
8.71 
8.71 
8.72 
8.73 
8.73 
8.74 
8.75 
8.75 
8.76 
8.77 
8.77 
8.78 
8.79 
8.79 
8.80 
8.81 
8.81 
8.82 
8.83 
8.83 
8.84 
8.85 
8.85 
8.86 
8.87 
8.88 
8.88 
8.89 
8.90 
8.90 
8.91 
8.92 
8.92 
8.93 
8.94 
8.94 
8.95 
8.96 
8.97 
8.97 
8.98 
8.99 
8.99 
9.00 
9.01 
9.02 
9.02 
9.03 
9.04 
9.04 
9.05 
9.06 
9.07 
9.07 
9.08 
9.09 
9.09 
9.10 
9.11 
9.12 
9.12 
9.13 
9.14 
9.14 
9.15 
9.16 
9.17 
9.17 
9.18 
9.19 
9.20 
9.20 
9.21 
9.22 
9.23 
9.23 
9.24 
9.25 
9.25 
9.26 
9.27 
9.28 
9.28 
9.29 
9.30 
9.31 
9.31 
9.32 
9.33 
9.34 
9.34 
9.35 
9.36 
9.37 
9.37 
9.38 
9.39 
9.40 
9.40 
9.41 
9.42 
9.43 
9.43 
9.44 
9.45 
9.46 
9.46 
9.47 
9.48 
9.49 
9.49 
9.50 
9.51 
9.52 
9.52 
9.53 
9.54 
9.55 
9.55 
9.56 
9.57 
9.58 
9.58 
9.59 
9.60 
9.61 
9.62 
9.62 
9.63 
9.64 
9.65 
9.65 
9.66 
9.67 
9.68 
9.68 
9.69 
9.70 
9.71 
9.71 
9.72 
9.73 
9.74 
9.74 
9.75 
9.76 
9.77 
9.77 
9.78 
9.79 
9.80 
9.81 
9.81 
9.82 
9.83 
9.84 
9.84 
9.85 
9.86 
9.87 
9.87 
9.88 
9.89 
9.90 
9.90 
9.91 
9.92 
9.93 
9.93 
9.94 
9.95 
9.96 
9.96 
9.97 
9.98 
9.99 
10.00 
10.00 
10.01 
10.02 
10.03 
10.03 
10.04 
10.05 
10.06 
10.06 
10.07 
10.08 
10.09 
10.09 
10.10 
10.11 
10.12 
10.12 
10.13 
10.14 
10.15 
10.15 
10.16 
10.17 
10.18 
10.18 
10.19 
10.20 
10.21 
10.21 
10.22 
10.23 
10.24 
10.24 
10.25 
18.20 
18.10 
18.10 
18.00 
18.00 
18.00 
18.00 
18.00 
18.00 
18.00 
18.00 
18.00 
18.00 
18.00 
18.00 
18.00 
18.00 
18.00 
18.00 
18.00 
18.00 
18.00 
18.00 
18.00 
17.90 
17.90 
17.90 
17.90 
17.90 
17.90 
17.90 
17.90 
17.90 
17.90 
17.80 
17.90 
17.80 
17.80 
17.90 
17.90 
17.90 
17.90 
17.90 
17.90 
17.90 
17.90 
17.80 
17.90 
17.90 
17.90 
17.80 
17.80 
17.80 
17.80 
17.80 
17.70 
17.80 
17.80 
17.70 
17.80 
17.80 
17.80 
17.80 
17.80 
17.70 
17.80 
17.80 
17.80 
17.80 
17.80 
17.80 
17.80 
17.70 
17.70 
17.70 
17.70 
17.70 
17.70 
17.70 
17.70 
17.70 
17.70 
17.70 
17.70 
17.70 
17.70 
17.60 
17.70 
17.70 
17.70 
17.70 
17.70 
17.70 
17.70 
17.60 
17.70 
17.70 
17.70 
17.70 
17.60 
17.70 
17.70 
17.60 
17.70 
17.70 
17.20 
17.00 
10.99 
11.00 
11.01 
11.01 
11.02 
11.03 
11.03 
11.04 
11.04 
11.05 
11.06 
11.06 
11.07 
11.07 
11.08 
11.09 
11.09 
11.10 
11.10 
11.11 
11.12 
11.12 
11.13 
11.14 
11.14 
11.15 
11.15 
11.16 
11.16 
11.17 
11.18 
11.18 
11.19 
11.19 
11.20 
11.21 
11.21 
11.22 
11.22 
11.23 
11.24 
11.24 
11.25 
11.25 
11.26 
11.26 
11.27 
11.28 
11.28 
11.29 
11.29 
11.30 
11.30 
11.31 
11.32 
11.32 
11.33 
11.33 
11.34 
11.34 
11.35 
11.35 
11.36 
11.37 
11.37 
11.38 
11.38 
11.39 
11.39 
11.40 
11.40 
11.41 
11.42 
11.42 
11.43 
11.43 
11.44 
11.44 
11.45 
11.45 
11.46 
11.46 
11.47 
11.48 
11.48 
11.49 
11.49 
11.50 
11.50 
11.51 
11.51 
11.52 
11.52 
11.53 
11.53 
11.54 
11.54 
11.55 
11.55 
11.56 
11.56 
11.57 
11.57 
11.58 
11.59 
11.59 
11.60 
11.60 
11.61 
11.61 
11.62 
11.62 
11.63 
11.63 
11.64 
11.64 
11.65 
11.65 
11.66 
11.66 
11.67 
11.67 
11.68 
11.68 
11.69 
11.69 
11.70 
11.70 
11.71 
11.71 
11.72 
11.72 
11.73 
11.73 
11.73 
11.74 
11.74 
11.75 
11.75 
11.76 
11.76 
11.77 
11.77 
11.78 
11.78 
11.79 
11.79 
11.80 
11.80 
11.81 
11.81 
11.82 
11.82 
11.83 
11.83 
11.83 
11.84 
11.84 
11.85 
11.85 
11.86 
11.86 
11.87 
11.87 
11.88 
11.88 
11.88 
11.89 
11.89 
11.90 
11.90 
11.91 
11.91 
11.92 
11.92 
11.93 
11.93 
11.93 
11.94 
11.94 
11.95 
11.95 
11.96 
11.96 
11.97 
11.97 
11.97 
11.98 
11.98 
11.99 
11.99 
12.00 
12.00 
12.00 
12.01 
12.01 
12.02 
12.02 
12.03 
12.03 
12.03 
12.04 
12.04 
12.05 
12.05 
12.06 
12.06 
12.06 
12.07 
12.07 
12.08 
12.08 
12.09 
12.09 
12.09 
12.10 
12.10 
12.11 
12.11 
12.11 
12.12 
12.12 
12.13 
12.13 
12.13 
12.14 
12.14 
12.15 
12.15 
12.15 
12.16 
12.16 
12.17 
12.17 
12.17 
12.18 
12.18 
12.19 
12.19 
12.19 
12.20 
12.20 
12.21 
12.21 
12.21 
12.22 
12.22 
12.23 
12.23 
12.23 
12.24 
12.24 
12.25 
12.25 
12.25 
12.26 
12.26 
12.26 
12.27 
12.27 
12.28 
12.28 
12.28 
12.29 
12.29 
12.29 
12.30 
12.30 
12.31 
12.31 
12.31 
12.32 
12.32 
12.32 
12.33 
12.33 
12.34 
12.34 
12.34 
12.35 
12.35 
12.35 
12.36 
12.36 
12.36 
12.37 
12.37 
12.38 
12.38 
12.38 
12.39 
12.39 
12.39 
12.40 
12.40 
12.40 
12.41 
12.41 
12.41 
12.42 
12.42 
12.43 
12.43 
12.43 
12.44 
12.44 
12.44 
12.45 
12.45 
12.45 
12.46 
12.46 
12.46 
12.47 
12.47 
12.47 
12.48 
12.48 
12.48 
12.49 
12.49 
12.49 
12.50 
12.50 
12.50 
12.51 
12.51 
12.51 
12.52 
12.52 
12.52 
12.53 
12.53 
12.53 
12.54 
12.54 
12.54 
12.55 
12.55 
12.55 
12.56 
12.56 
12.56 
12.57 
12.57 
12.57 
12.58 
12.58 
12.58 
12.59 
12.59 
12.59 
12.60 
12.60 
12.60 
12.61 
12.61 
12.61 
12.62 
12.62 
12.62 
12.62 
12.63 
12.63 
12.63 
12.64 
12.64 
12.64 
12.65 
12.65 
12.65 
12.66 
12.66 
12.66 
12.67 
12.67 
12.67 
12.67 
12.68 
12.68 
12.68 
12.69 
12.69 
12.69 
12.70 
12.70 
12.70 
12.70 
12.71 
12.71 
12.71 
12.72 
12.72 
12.72 
12.73 
12.73 
12.73 
12.73 
12.74 
12.74 
12.74 
12.75 
12.75 
12.75 
12.76 
12.76 
12.76 
12.76 
12.77 
12.77 
12.77 
12.78 
12.78 
12.78 
12.78 
12.79 
12.79 
12.79 
12.80 
12.80 
12.80 
12.80 
12.81 
12.81 
12.81 
12.82 
12.82 
12.82 
12.82 
12.83 
12.83 
12.83 
12.84 
12.84 
12.84 
12.84 
12.85 
12.85 
12.85 
12.86 
12.86 
12.86 
12.86 
12.87 
12.87 
12.87 
12.87 
12.88 
12.88 
12.88 
12.89 
12.89 
12.89 
12.89 
12.90 
12.90 
12.90 
12.90 
12.91 
12.91 
12.91 
12.92 
12.92 
12.92 
12.92 
12.93 
12.93 
12.93 
12.93 
12.94 
12.94 
12.94 
12.94 
12.95 
12.95 
12.95 
12.96 
12.96 
12.96 
12.96 
12.97 
12.97 
12.97 
12.97 
12.98 
12.98 
12.98 
12.98 
12.99 
12.99 
12.99 
12.99 
13.00 
13.00 
13.00 
13.00 
13.01 
13.01 
13.01 
13.01 
13.02 
13.02 
13.02 
13.02 
13.03 
13.03 
13.03 
13.04 
13.04 
13.04 
13.04 
13.05 
13.05 
13.05 
13.05 
13.06 
13.06 
13.06 
13.06 
13.07 
13.07 
13.07 
13.07 
13.08 
13.08 
13.08 
13.08 
13.09 
13.09 
13.09 
13.09 
13.10 
13.10 
13.10 
13.10 
13.10 
13.11 
13.11 
13.11 
13.11 
13.12 
13.12 
13.12 
13.12 
13.13 
13.13 
13.13 
13.13 
13.14 
13.14 
13.14 
13.14 
13.15 
13.15 
13.15 
13.15 
13.16 
13.16 
13.16 
13.16 
13.17 
13.17 
13.17 
13.17 
13.18 
13.18 
13.18 
13.18 
13.18 
13.19 
13.19 
13.19 
13.19 
13.20 
13.20 
13.20 
13.20 
13.21 
13.21 
13.21 
13.21 
13.22 
13.22 
13.22 
13.22 
13.23 
13.23 
13.23 
13.23 
13.23 
13.24 
13.24 
13.24 
13.24 
13.25 
13.25 
13.25 
13.25 
13.26 
13.26 
13.26 
13.26 
13.27 
13.27 
13.27 
13.27 
13.27 
13.28 
13.28 
13.28 
13.28 
13.29 
13.29 
13.29 
13.29 
13.30 
13.30 
13.30 
13.30 
13.30 
13.31 
13.31 
13.31 
13.31 
13.32 
13.32 
13.32 
13.32 
13.33 
13.33 
13.33 
13.33 
13.33 
13.34 
13.34 
13.34 
13.34 
13.35 
13.35 
13.35 
13.35 
13.36 
13.36 
13.36 
13.36 
13.36 
13.37 
13.37 
13.37 
13.37 
13.38 
13.38 
13.38 
13.38 
13.39 
13.39 
13.39 
13.39 
13.39 
13.40 
13.40 
13.40 
13.40 
13.41 
13.41 
13.41 
13.41 
13.42 
13.42 
13.42 
13.42 
13.42 
13.43 
13.43 
13.43 
14.80 
14.80 
14.80 
14.80 
14.80 
14.80 
14.80 
14.80 
14.80 
14.70 
14.80 
14.70 
14.70 
14.60 
14.60 
14.50 
14.50 
14.50 
14.40 
14.40 
14.40 
14.40 
14.40 
14.40 
14.40 
14.40 
14.40 
14.40 
14.40 
14.40 
14.40 
14.40 
14.40 
14.40 
14.30 
14.30 
14.30 
14.20 
14.10 
13.90 
13.90 
14.00 
14.00 
13.80 
13.90 
13.90 
13.90 
13.90 
13.90 
13.90 
13.90 
13.90 
13.80 
13.80 
13.80 
13.80 
13.80 
13.80 
13.80 
13.80 
13.70 
13.70 
13.70 
13.60 
13.60 
13.50 
13.50 
13.50 
13.50 
13.50 
13.50 
13.50 
13.50 
13.50 
13.50 
13.50 
13.50 
13.70 
13.70 
13.80 
13.80 
13.80 
13.70 
13.80 
13.80 
13.80 
13.80 
13.80 
13.80 
13.80 
13.80 
13.80 
13.80 
13.80 
13.80 
13.80 
13.80 
13.80 
13.80 
13.80 
13.80 
13.80 
13.80 
13.80 
13.80 
13.80 
13.80 
13.80 
13.80 
13.80 
13.80 
13.80 
13.80 
13.80 
13.80 
13.80 
13.80 
13.80 
13.80 
13.80 
13.80 
13.80 
13.80 
13.80 
13.80 
13.80 
13.80 
13.80 
13.80 
13.80 
13.80 
13.80 
13.80 
13.80 
13.80 
13.80 
13.80 
13.70 
13.80 
13.70 
13.80 
13.70 
13.80 
13.80 
13.80 
13.80 
13.70 
13.70 
13.70 
13.70 
13.80 
13.70 
13.70 
13.70 
13.70 
13.70 
13.70 
13.70 
13.70 
13.70 
13.70 
13.70 
13.70 
13.70 
13.70 
13.70 
13.70 
13.70 
13.70 
13.70 
13.70 
13.70 
13.70 
13.70 
13.70 
13.70 
13.70 
13.70 
13.70 
13.70 
13.70 
13.70 
13.70 
13.70 
13.70 
13.60 
13.60 
13.60 
13.60 
13.60 
13.60 
13.60 
13.60 
13.60 
13.60 
13.50 
13.50 
13.50 
13.50 
13.50 
13.50 
13.50 
13.50 
13.40 
13.40 
13.30 
13.30 
13.20 
13.20 
13.10 
13.20 
13.10 
13.10 
13.10 
13.10 
13.10 
13.10 
13.10 
13.10 
13.10 
13.10 
13.10 
13.10 
13.10 
13.10 
13.00 
13.00 
13.00 
13.00 
12.90 
12.80 
12.80 
12.80 
12.80 
12.70 
12.70 
12.70 
12.70 
12.70 
12.70 
12.70 
12.70 
12.70 
12.70 
12.70 
12.70 
12.70 
12.70 
12.70 
12.70 
12.70 
12.60 
12.50 
12.50 
12.50 
12.40 
12.30 
12.30 
12.30 
12.40 
12.30 
12.30 
12.30 
12.30 
12.30 
12.30 
12.30 
12.20 
12.30 
12.20 
12.30 
12.20 
12.30 
12.20 
12.20 
12.20 
12.20 
12.10 
12.10 
12.10 
12.00 
12.00 
12.10 
12.00 
12.00 
12.00 
12.10 
12.10 
12.10 
12.10 
12.10 
12.30 
12.20 
12.20 
12.20 
12.20 
12.20 
12.20 
12.20 
12.20 
12.20 
12.20 
12.30 
12.20 
12.20 
12.20 
12.20 
12.30 
12.30 
12.20 
12.30 
12.20 
12.30 
12.20 
12.20 
12.20 
12.20 
12.20 
12.20 
12.20 
12.20 
12.30 
12.20 
12.20 
12.30 
12.30 
12.10 
12.20 
12.20 
12.20 
12.20 
12.20 
12.10 
12.20 
12.20 
12.10 
12.10 
12.20 
12.20 
12.20 
12.20 
12.20 
12.20 
12.20 
12.20 
12.20 
12.20 
12.20 
12.20 
12.10 
12.10 
12.10 
12.20 
12.20 
12.20 
12.30 
12.20 
12.30 
12.20 
12.40 
12.30 
12.20 
12.30 
12.30 
12.30 
12.20 
12.30 
12.30 
12.30 
12.30 
12.30 
12.30 
12.20 
12.30 
12.20 
12.20 
12.10 
12.20 
12.20 
12.10 
12.20 
12.20 
12.20 
12.20 
12.20 
12.20 
12.20 
12.20 
12.20 
12.20 
12.30 
12.20 
12.20 
12.20 
12.20 
12.20 
12.20 
12.20 
12.20 
12.10 
12.10 
12.10 
12.10 
12.10 
12.10 
12.10 
12.10 
12.10