20110101
20111231
14.2397
14.0686
13.8405
13.7835
13.8405
13.6694
13.6694
13.8405
14.5819
16.7490
17.8896
17.6045
18.5170
18.6880
18.5740
18.5170
17.9467
15.4373
14.9811
14.9241
15.1522
15.0381
14.5819
14.5249
14.1256
14.4108
13.8405
14.4678
14.4678
14.4108
14.2397
14.2397
14.0686
14.0116
14.0686
14.2397
14.4678
14.6959
14.7530
14.8100
15.0381
14.6959
14.5819
14.5819
15.0381
14.7530
14.5249
14.2397
14.4108
13.7264
13.7835
13.3272
12.6999
12.5288
12.0155
11.6163
11.6163
11.8444
11.9585
12.1296
11.6734
11.7304
11.8444
12.0726
12.1866
12.2437
12.2437
12.1866
14.4678
14.4678
14.4678
14.4678
12.1296
12.0726
12.0155
11.9585
11.8444
11.8444
11.6163
11.4452
11.4452
11.6163
11.9015
12.0155
12.3007
12.4718
12.5288
12.6999
12.5858
12.5858
12.5858
12.5858
12.2437
12.1866
12.1866
12.1866
12.4718
12.5288
12.4718
12.4718
12.4147
12.3007
12.4147
12.5288
12.5858
12.6429
12.8140
12.8140
13.1561
13.0991
13.2132
13.2702
13.2702
13.3272
13.4413
13.4983
12.5288
12.4718
12.4147
12.4718
13.6124
13.5553
13.3843
13.3843
13.2132
12.7569
12.5288
12.4147
12.4147
12.2437
12.3007
12.6999
13.3843
13.4413
13.9546
14.0116
13.6694
13.3272
13.0991
12.8140
13.6124
13.5553
13.6694
13.6124
12.0155
12.0155
11.9585
11.8444
11.7304
11.7304
11.6734
11.8444
11.9015
12.2437
12.6429
13.4983
13.9546
14.6389
14.1256
13.8405
13.6694
13.2132
12.8710
12.7569
12.5288
12.1296
12.1866
12.1296
11.7304
12.1296
12.1866
12.2437
12.0726
11.9585
12.1866
12.0155
13.3272
14.7530
15.5514
14.6959
15.7225
15.4944
15.6655
15.3233
15.2092
14.9241
14.8100
14.9241
12.6999
12.2437
11.9015
12.3577
15.0381
14.7530
14.7530
14.6389
14.6959
14.5819
14.4108
14.1256
14.1256
14.3538
14.3538
14.6389
14.6959
14.5249
14.1256
14.0116
13.9546
13.6124
13.3843
13.1561
14.8100
14.9241
14.8670
15.0381
12.6429
12.5288
12.5288
12.5288
12.5288
12.5288
12.5288
12.5288
12.8140
13.0991
13.3272
13.9546
13.9546
14.4678
15.0381
14.7530
14.1256
13.8405
13.7264
13.6694
12.9850
12.8140
12.7569
12.6429
13.2702
13.0991
12.9280
12.8140
12.6999
12.4147
11.9585
11.2741
11.1601
11.1031
11.2171
11.0460
11.1601
11.2171
11.1031
11.1601
11.1601
11.1601
11.0460
10.9890
13.6694
13.6124
13.5553
13.4413
10.7038
10.7609
10.7038
10.5898
10.5328
10.5328
10.6468
10.8749
11.3882
12.0726
12.9280
13.8975
13.8405
14.5249
14.2967
13.6694
13.3843
13.1561
12.8710
13.0421
11.0460
10.9320
10.9320
10.8179
13.0991
13.3843
13.1561
13.1561
13.2132
12.9850
13.2702
13.3843
13.5553
13.6694
14.2967
14.8670
15.0952
15.3803
15.4944
15.6084
15.0381
14.7530
14.3538
14.2397
13.0991
13.1561
13.3272
13.3272
13.6694
13.3843
13.2132
13.3272
13.3843
13.3272
13.2132
13.5553
14.7530
16.2928
17.8326
18.7451
19.2583
18.9162
19.0873
18.7451
18.4599
17.6045
17.3764
17.3764
14.0686
14.0116
14.0686
14.1827
15.7225
15.0952
14.4678
13.9546
13.7835
13.6694
13.4413
13.6124
13.6694
14.2967
15.7225
15.4944
16.0647
16.2928
17.4334
16.8631
16.3498
15.4373
14.6389
14.4678
17.0342
16.6350
16.5209
16.4068
12.9850
12.7569
12.5858
12.4147
12.2437
12.0726
11.9015
11.9015
12.5858
13.2132
14.5249
16.4068
16.5779
16.5209
16.3498
16.0647
15.4373
14.2397
13.2132
13.0421
14.0116
13.6694
13.3843
13.2132
11.9585
11.7304
11.7304
11.5593
11.6163
11.5593
11.2741
11.2741
13.5553
13.9546
14.9241
16.1217
16.5779
17.0342
16.6350
16.8631
16.0647
14.4108
13.6694
13.4413
12.9280
13.4983
12.4147
12.0726
14.0686
14.1256
13.7264
13.8975
13.8405
13.6694
13.5553
13.5553
14.0116
14.6959
15.4373
15.7795
16.0647
17.5474
17.3764
17.2623
16.9201
15.1522
15.3803
15.2662
13.6124
13.2702
13.0421
12.9280
14.6959
14.4678
14.3538
14.0686
14.1256
13.9546
13.9546
14.0116
14.1256
15.8365
16.9771
17.7756
17.1482
16.6350
17.4334
17.3764
16.9201
16.5209
16.0647
15.8365
15.9506
15.4373
15.2092
14.9811
15.0381
13.8975
13.9546
14.0686
14.1256
14.0686
14.1256
14.1256
14.2397
14.7530
15.6655
15.8936
16.0647
15.4373
14.9811
14.9241
14.1256
13.8975
13.4983
13.3272
15.7795
15.6084
15.4373
15.1522
12.8140
12.6999
12.6429
12.5858
12.4718
12.3577
12.2437
12.2437
13.6124
14.0116
15.2662
15.6655
16.6920
16.8631
16.9771
16.6920
15.8936
15.0952
14.4678
13.8975
13.1561
13.0421
12.9280
12.9280
11.9585
11.5593
11.4452
11.2741
10.9320
10.8179
11.2741
11.3882
11.9585
12.3577
12.6999
13.4983
13.6124
13.7264
14.2967
14.2397
13.8975
13.7835
13.7264
13.7264
13.3272
13.0991
12.6999
12.2437
13.8405
13.7835
13.7835
13.7264
13.7264
13.7264
13.7264
13.8405
14.0686
14.4108
14.8100
15.4944
15.0952
15.8365
15.8936
15.4373
15.3233
14.9811
14.6959
14.5249
13.8405
13.8405
13.8405
13.8405
13.8975
13.6694
13.5553
13.3843
13.2702
13.0991
12.8710
12.7569
12.8140
13.0421
13.2132
13.2132
13.2702
13.6124
13.5553
13.4413
13.3272
13.2132
13.0991
13.0421
14.3538
14.1827
14.0686
14.0116
13.0421
12.9850
13.0421
12.9280
12.8710
12.8140
12.8140
12.8140
12.9280
13.2702
13.6124
13.8975
14.1256
14.2967
14.4678
14.4678
14.1256
13.9546
13.8405
13.8975
13.0421
13.0421
13.0421
13.0421
13.8975
13.7835
13.6694
13.6124
13.6124
13.4983
13.4413
13.4413
13.5553
14.1256
14.7530
15.4944
16.8631
16.6350
16.8631
16.9771
16.5209
15.3233
14.6959
15.0381
13.9546
13.9546
13.8975
13.8975
14.2397
14.2397
14.1827
14.1256
14.0686
14.0116
14.0686
14.2397
15.2092
16.3498
17.6615
16.9771
17.9467
18.8021
18.4599
18.3459
17.9467
16.9771
16.5779
16.2928
14.5819
13.7835
13.3843
14.0686
15.8365
15.6084
15.3803
14.9811
14.6389
14.3538
14.0116
14.0116
14.9241
16.2928
15.5514
16.0647
16.6350
17.7756
18.4029
17.6045
16.7490
15.9506
15.3803
14.9241
16.4639
16.5779
16.2358
16.1217
12.9850
12.8140
12.6429
12.6429
12.4147
12.3007
12.1296
12.0726
12.2437
14.4108
14.2967
16.4068
16.3498
16.5779
16.7490
17.2623
16.5779
15.0952
14.2967
13.7835
14.5819
14.2967
13.8975
13.3272
12.0726
11.9585
11.6163
11.5593
11.5023
11.6734
11.6734
11.8444
12.3007
12.6999
14.0116
14.8670
15.6084
17.0912
17.1482
17.1482
16.7490
14.9811
14.0686
14.6959
13.5553
13.1561
12.8140
12.3577
13.6124
13.4413
13.2702
13.0421
12.8710
12.6999
12.6429
12.6429
13.7264
15.2092
16.1787
16.5779
17.1482
17.0342
16.9201
17.4334
16.7490
15.1522
14.3538
14.2397
14.1827
14.2397
13.8975
13.7835
14.6389
14.4108
14.5249
14.4678
14.2967
14.5819
14.4108
14.4108
14.9811
14.9811
16.5209
17.9467
17.6045
17.4334
17.6045
17.0912
16.6920
15.8365
15.4944
15.2662
14.9241
15.2092
14.8670
14.8100
14.3538
14.2967
14.4108
14.3538
14.2397
14.1827
14.1827
14.2397
15.2662
16.4639
17.0912
17.8896
18.6310
18.8591
18.5740
18.4599
17.8326
17.3764
16.6920
16.5779
15.1522
14.9241
14.3538
14.4678
16.3498
16.2928
16.2928
16.0076
15.9506
15.7225
16.0647
16.1217
16.8061
17.2623
19.6005
20.2849
19.8857
20.1708
20.7982
20.2279
19.5435
18.8021
18.6880
18.5170
16.5209
16.6350
16.3498
16.3498
16.6920
16.6920
16.5209
16.2928
16.2928
16.1787
16.1217
16.1787
17.9467
19.6576
21.4825
21.9388
22.2809
23.3075
22.9083
22.6231
22.3380
20.1138
18.9162
18.5740
17.9467
17.6615
16.9201
16.6920
17.4334
17.1482
17.0342
16.5209
16.0076
16.0076
15.9506
16.2358
17.9467
19.8857
20.4560
21.9958
22.0528
22.6231
22.1098
22.3380
21.8247
19.7146
18.7451
18.4029
18.2888
18.1748
17.8896
17.5474
17.6615
17.6615
16.5779
16.1787
15.9506
15.5514
15.7795
15.7795
17.0342
19.0302
20.4560
21.5395
21.8247
22.8512
22.9653
23.0794
22.8512
20.3419
19.1443
18.7451
18.2888
18.0607
17.8326
17.6045
18.1177
19.0302
18.0037
17.5474
17.4904
17.2053
17.6045
17.7756
18.1177
18.8021
20.2279
21.7677
22.0528
22.3380
22.9653
23.0794
22.4520
21.1974
20.6841
20.1708
18.5170
18.3459
18.1748
18.9162
18.8591
18.4599
18.2888
17.8896
17.8326
17.3764
17.2053
17.4904
18.3459
19.6576
19.4865
21.8247
22.5661
23.1364
22.9653
22.5661
22.6801
21.0833
20.0568
19.4294
19.7716
19.4294
19.1443
18.9732
19.4294
19.4865
18.8021
18.6310
18.5170
18.5740
18.4599
18.3459
18.7451
19.3154
19.4294
19.8857
20.2849
20.7411
22.9083
21.8817
21.8817
21.5395
20.7411
20.3989
19.0873
18.8591
19.0302
19.4865
19.7716
19.0302
19.0302
18.8591
18.5170
18.1748
18.2318
18.2888
18.4599
19.4294
21.0833
22.3380
23.5356
23.8207
24.6192
23.1934
22.4520
21.8247
21.0263
20.9122
20.3419
19.9427
20.1708
19.7716
18.4029
17.7756
17.4334
17.2053
16.7490
16.5209
16.1217
15.9506
15.7795
15.8365
16.0076
16.8631
16.8061
17.1482
16.6920
16.3498
16.1787
15.8365
15.5514
15.2662
20.2849
20.2279
19.5435
19.0302
14.0686
14.0116
13.8975
13.8405
13.8405
13.6694
13.0421
13.3843
13.6694
14.1827
14.4678
15.3233
14.9241
14.8670
14.8670
15.8365
15.1522
14.9811
14.9241
14.9241
15.0381
14.8670
14.4678
14.2397
13.8975
13.9546
13.7835
13.6694
13.6124
13.6694
13.7264
13.6694
13.6694
13.6124
13.5553
13.6694
13.6694
13.7835
13.8405
14.0116
13.8405
13.8405
13.8405
13.4983
14.9241
14.0686
13.8405
13.7835
12.5288
12.4718
12.5288
12.3577
12.3007
12.3007
12.4147
12.4147
12.5288
12.9850
14.4678
14.7530
14.8100
15.8365
16.8631
16.7490
15.7225
15.4944
15.3233
15.3233
13.4413
13.3843
13.1561
12.6429
13.3272
12.4718
12.5288
12.4718
12.4147
12.3577
12.0155
12.0726
11.8444
11.8444
11.7874
12.0155
12.1866
12.1866
12.2437
12.1866
12.0726
12.0726
12.1296
12.0726
15.2662
15.2092
15.0381
14.4678
12.2437
12.1866
12.1866
12.2437
12.3007
12.3577
12.4147
12.4718
12.5858
12.8710
12.8140
13.0421
13.2702
13.1561
13.2702
13.3272
13.3272
13.3843
13.4413
13.4983
12.0726
12.1296
12.0726
12.1866
13.5553
13.6124
13.6124
13.6694
13.7835
13.8405
13.8975
13.9546
14.1256
14.3538
14.5819
14.8670
15.1522
15.4373
15.2662
15.1522
15.0381
14.9811
14.9241
14.8670
13.5553
13.5553
13.5553
13.5553
14.4678
14.3538
14.4108
14.4108
14.4108
14.4108
14.2967
14.4108
14.5249
14.5249
14.5819
14.6389
14.4678
13.8405
13.9546
13.9546
13.9546
13.8975
13.8405
13.7264
14.8100
14.7530
14.5819
14.5819
13.7264
13.6124
13.6124
13.6124
13.6124
13.5553
13.4983
13.5553
13.6124
13.7835
13.7835
14.0116
14.0686
14.1256
14.1827
14.4678
14.5249
14.4108
14.3538
14.4108
13.7264
13.7264
13.7835
13.7264
14.4678
14.5249
14.4678
14.4678
14.4678
14.4678
14.4108
14.4108
14.8100
15.7795
16.3498
16.8631
17.7756
18.0607
18.1748
17.9467
17.3764
16.8631
16.4639
16.3498
14.4678
14.4678
14.5249
14.5249
15.9506
16.1787
15.9506
15.4373
15.6084
15.7225
15.7795
15.7225
16.2358
16.5209
16.9771
17.4334
17.7756
17.8896
18.4599
17.7185
17.4334
16.9201
16.5779
16.5779
16.5779
16.4068
16.1787
16.1787
16.4639
16.5209
16.2358
16.1217
16.0076
15.8365
16.1787
16.2928
16.0647
16.2358
16.3498
16.3498
16.5209
16.6350
17.2623
17.0342
16.9771
16.9201
16.6350
16.8061
16.5779
16.4639
16.5779
16.6350
16.6920
16.7490
16.7490
16.7490
16.7490
16.6350
16.7490
16.6350
17.1482
17.8896
18.6880
19.3724
19.4294
20.1138
20.2279
20.1708
19.6005
19.1443
18.4599
18.5170
16.8061
16.6920
16.6350
16.7490
17.7756
17.6615
17.7185
17.6045
17.5474
17.6615
17.4334
17.6615
18.6880
19.4294
20.7411
22.1669
25.4746
24.3910
24.5051
23.9348
22.0528
21.3114
20.6841
20.3419
18.0037
18.0607
17.8896
17.8326
20.2849
19.8857
19.7716
19.4294
18.8021
18.2888
18.1748
18.4029
19.4865
21.0263
20.7982
23.0223
23.2504
24.3910
23.8207
23.4215
23.1364
22.3380
21.5966
20.8552
20.2849
20.3989
20.6271
20.4560
19.8857
19.7146
19.3724
19.0873
18.9732
18.9162
18.9162
18.8591
18.9732
19.5435
19.8286
20.6271
21.8247
22.8512
22.6801
22.3380
22.2239
21.0833
20.3989
20.0568
21.0263
20.9122
20.5130
20.3989
19.6576
19.3724
19.1443
19.0302
18.9732
18.8021
18.7451
18.9162
19.3154
20.1708
21.1974
22.5091
22.5091
23.0794
23.4786
23.8778
22.6231
22.2239
20.7982
20.1138
19.5435
19.2013
19.3154
19.8857
19.7146
19.2583
19.2583
18.6880
18.4029
18.1748
18.2318
18.7451
19.7146
22.1669
21.9388
22.5091
25.0754
24.2200
23.9348
23.2504
23.8778
22.3950
20.7982
20.2279
20.0568
19.9427
20.1708
19.8857
19.2013
19.5435
18.8021
18.4599
18.4029
18.1748
18.2888
18.8591
20.4560
21.9388
22.4520
22.8512
23.0794
23.8207
22.0528
21.6536
21.1974
19.7716
18.8021
17.7756
19.9427
20.0568
19.9997
19.6005
16.4068
16.1787
16.1217
15.9506
15.8936
15.8365
15.6655
15.6655
16.0647
16.4068
16.2358
17.3764
18.3459
19.3154
19.6005
19.6005
19.2013
18.3459
17.1482
16.9201
17.3764
16.9771
16.6920
16.5209
17.4904
17.6615
17.9467
17.8896
17.8896
17.8326
17.5474
17.6615
18.0037
19.9997
19.6005
21.1974
20.7411
20.6841
20.4560
19.0873
18.6310
17.8896
17.1482
16.6920
16.8631
16.8061
16.9201
17.3764
15.4944
15.2662
15.0952
15.0381
14.9811
14.8670
14.8670
14.9811
15.2662
16.2358
16.4068
17.3193
17.5474
18.7451
18.8591
17.8896
17.4904
17.3764
16.8631
16.6350
16.3498
16.0076
15.8365
15.7225
16.4639
16.4068
16.5209
16.2928
16.3498
16.4639
16.4068
16.3498
17.4334
18.4029
20.5130
19.8857
21.2544
21.4825
21.4255
21.0833
20.1708
19.6005
19.4294
19.1443
16.6920
16.6350
16.5779
16.5779
18.3459
18.1748
18.1748
17.8896
18.0037
18.1177
18.2318
18.2888
19.0302
19.9427
21.1974
21.6536
21.1403
20.7982
20.7982
20.4560
20.4560
20.2849
19.6005
19.5435
18.9732
18.5740
18.5170
18.2888
19.2013
18.5170
17.8896
17.3764
17.1482
16.8631
16.6920
16.5209
16.7490
17.0342
17.3193
18.0037
18.4599
19.2013
18.8021
18.4599
17.8896
17.3193
16.9771
16.8631
19.4294
19.4865
19.7146
19.4865
15.9506
15.8936
15.7795
15.4944
14.6389
14.2397
14.2967
14.8100
15.3803
15.6084
15.9506
15.4944
14.8670
15.1522
14.9811
14.6389
15.6084
15.3233
14.9811
15.0381
16.6350
16.4068
16.2928
16.0647
16.2928
15.2662
14.8670
14.8100
14.8670
14.8670
14.8670
14.9241
15.1522
15.3233
15.3233
15.0952
15.3233
15.4373
15.6084
15.5514
15.5514
15.4373
15.4944
15.4373
15.0381
15.0381
15.1522
15.4373
15.4944
15.4373
15.4373
15.3803
15.3803
15.3803
15.3803
15.4373
15.7795
16.2358
16.5779
16.8061
17.0342
16.8631
17.3193
16.9201
16.6920
16.5779
16.5209
16.2928
15.4944
15.4944
15.5514
15.4944
15.3803
15.3803
15.2662
15.3233
15.3233
15.4373
15.3803
15.4944
16.1217
16.4068
16.4068
16.7490
16.8061
17.3193
17.0912
17.1482
16.9771
16.7490
16.6350
16.5209
16.1787
16.1787
15.9506
15.4373
16.1217
16.0647
16.0076
15.9506
15.8936
15.7795
15.7225
15.8365
16.0647
16.6350
17.3193
17.0912
17.3193
17.8326
18.0037
17.8326
17.7185
17.3764
17.2053
17.2623
16.4068
16.2928
16.1787
16.1787
17.0342
17.0342
17.1482
17.0342
17.0912
17.0912
17.2053
17.3193
17.9467
19.3154
19.6576
22.1669
21.4255
23.5356
24.3910
21.7677
21.8817
21.4825
20.0568
20.1138
17.2623
17.1482
17.1482
17.0342
19.5435
19.4865
18.2888
18.5740
18.4029
18.4029
18.4599
19.2583
20.8552
21.9388
22.8512
22.9653
23.6497
24.2200
24.5621
23.8778
23.4786
21.9958
21.0263
20.6271
20.4560
20.5700
20.3419
19.9427
19.9997
19.8857
19.8857
19.7146
19.5435
20.1138
20.5700
20.5700
21.1974
21.1403
19.5435
18.4599
17.2623
16.3498
15.2092
14.4678
14.4108
14.2397
13.7835
13.9546
20.4560
20.5130
20.2279
20.1138
14.4678
14.5249
14.4108
14.2967
14.2397
14.1827
14.2397
14.4678
14.5249
14.6389
14.8670
15.0381
16.8061
16.6920
16.5209
16.3498
16.5209
16.0647
15.7225
15.7225
14.1256
14.2967
14.5819
14.5249
15.4944
15.4373
15.3803
15.3803
15.2662
15.2092
15.2662
15.3803
15.4373
15.7795
16.2358
16.5779
16.7490
16.8061
16.9771
16.6350
16.6350
16.4068
16.4068
15.8936
15.5514
15.5514
15.6084
15.4944
14.9811
14.4678
14.1256
14.2397
14.2967
14.1827
14.0686
13.9546
14.0686
14.1256
14.3538
14.5819
14.4108
14.6959
14.7530
14.8670
14.5819
14.5819
14.5249
14.5819
15.8936
15.8365
16.1787
15.9506
15.0381
15.0952
15.2662
15.2662
15.2092
15.2662
15.3233
15.4373
15.8936
16.2358
16.2928
16.9771
17.3764
17.3193
17.7756
17.9467
17.4904
17.2623
17.0912
17.0912
14.6389
14.7530
14.8670
14.9241
17.0912
17.0912
17.1482
17.2053
17.2623
17.2623
17.2623
17.3764
17.9467
18.5740
20.0568
21.6536
20.8552
20.2849
20.1138
20.2279
19.8857
19.6005
19.4294
19.4865
17.0912
17.1482
17.0342
17.0342
19.5435
19.3724
19.5435
19.4294
19.3154
19.5435
19.6576
19.8286
20.2279
20.6841
20.7982
23.0794
23.1364
22.6231
24.2200
23.1934
23.7637
22.9653
22.8512
22.3950
19.4294
19.6576
19.6576
19.5435
21.0263
19.2583
18.1177
17.4334
17.0342
16.7490
16.7490
16.7490
16.5209
16.7490
16.6350
16.6350
16.8061
17.2623
17.3764
17.3193
16.8631
16.4639
16.0647
16.0647
22.2239
21.9958
21.5966
21.3114
15.6655
15.5514
15.3803
15.3233
15.2092
15.2662
15.1522
15.4373
16.1787
16.2928
17.2053
17.5474
18.1748
18.2888
18.2888
17.7185
17.3193
16.9201
16.3498
16.4639
16.0647
16.0647
15.9506
15.7795
16.2928
16.1217
15.9506
15.7795
15.6655
15.4944
15.4373
15.4944
15.7225
15.8936
16.1217
16.7490
16.9201
16.9201
16.3498
16.4639
16.2358
16.0076
15.8936
15.7795
16.4639
16.5779
16.5779
16.4639
15.6084
15.5514
15.5514
15.5514
15.5514
15.5514
15.6084
15.8365
16.4639
16.6920
17.8896
19.7716
19.3724
19.6576
19.0873
19.3724
19.0302
18.2318
17.9467
17.7185
15.6655
15.6084
15.6084
15.5514
17.1482
16.9771
16.8631
16.8631
16.8631
16.7490
16.6350
16.6350
16.8631
17.0912
18.6880
18.9162
18.9732
18.8021
18.8021
18.2318
17.6045
17.2053
16.8061
16.4639
17.6045
17.6045
17.5474
17.2623
15.7225
15.6084
14.9811
14.6389
14.1827
14.0686
13.9546
14.2967
14.5249
15.0381
15.7795
15.6655
16.8631
16.2928
16.8631
16.2928
16.5209
16.2358
15.9506
15.8365
16.2928
16.1787
16.0647
15.9506
15.8365
15.4944
15.2092
15.4373
15.6655
15.7795
15.8365
16.4068
18.0607
19.3154
20.6271
20.9122
21.0833
21.2544
21.4255
21.7677
21.4255
19.8286
18.6310
18.0607
15.6655
15.6084
15.7795
15.7795
17.6045
17.6615
18.2318
17.6045
17.3193
16.9771
17.4904
17.7185
18.2888
18.8591
20.3419
21.2544
22.0528
21.9388
22.2239
22.0528
21.8247
19.8857
19.2013
18.6880
18.1748
18.1177
17.7185
17.8896
18.4029
18.5740
18.3459
17.8326
17.7185
17.7756
17.6045
17.7756
18.1177
18.8021
19.7716
20.1708
21.1974
20.2849
20.0568
19.8857
19.1443
18.8021
18.0607
17.6045
18.7451
18.4599
18.3459
18.4029
17.2623
17.2623
17.2053
17.3193
17.0342
16.9771
16.6920
17.2623
19.7146
21.0263
20.7982
21.9388
23.1364
22.9653
23.0223
22.6801
22.2809
21.0263
20.1708
19.7146
17.5474
17.3764
17.6615
17.6615
19.4294
19.3724
18.5740
18.3459
18.2318
17.4334
17.8326
18.4599
20.0568
21.9958
23.3075
23.5356
24.2770
25.0754
23.4786
24.3340
23.9918
21.8817
20.6841
20.3989
19.4294
19.5435
19.3724
19.8857
19.7146
19.4865
19.2013
18.9162
18.5170
18.1748
18.2318
19.1443
21.1974
22.7372
24.2770
25.3035
25.8168
26.5582
27.6418
26.5582
24.7332
23.1364
21.7106
21.0833
20.1708
19.7716
20.2279
19.6576
20.9122
20.5130
20.3989
19.7146
19.6005
19.8857
19.6576
20.2849
21.0833
21.7677
22.7372
23.1364
23.7067
24.7332
24.5051
23.5926
23.3645
22.7942
22.2239
21.6536
21.1974
21.5395
21.0833
21.1974
19.2583
18.9732
18.5170
18.0607
17.7756
17.5474
17.4334
17.2053
16.9771
16.8061
17.3764
17.2623
17.6615
17.8896
17.7756
17.7756
17.5474
17.2053
16.9771
17.0342
16.9771
16.9771
16.9771
16.9771
16.9771
16.9771
16.8631
16.8061
16.8631
16.8631
16.8061
16.9201
17.2623
17.8896
19.7146
19.6005
20.6841
20.5700
20.1138
19.8857
19.4865
19.0873
18.7451
18.6880
17.1482
17.0912
17.0912
17.0342
18.4599
18.7451
18.4029
18.5170
18.5170
18.4599
17.7756
18.1748
18.6880
19.3154
19.9427
20.2279
21.2544
21.5966
22.3380
22.2239
21.7106
20.9122
19.8857
19.5435
18.5740
18.5170
18.5170
18.4029
19.0873
19.3724
18.8591
18.8591
18.9732
18.8591
19.0302
19.5435
20.3419
20.9692
23.1364
23.5356
24.5051
24.2200
24.3910
23.9918
23.3075
22.6231
21.9388
21.6536
19.2583
19.1443
19.1443
19.0873
21.1974
21.0263
20.5700
20.4560
20.2279
20.1708
20.4560
20.9692
21.1974
21.8247
23.8207
23.8778
23.4215
22.9083
23.0794
23.7637
23.1364
22.4520
22.2239
21.9958
21.6536
21.4825
21.4825
20.8552
20.3989
20.0568
20.0568
20.0568
20.1138
19.9427
19.8857
20.1138
20.6841
21.8817
23.7067
24.4481
25.2465
25.5316
26.3871
26.1019
25.2465
23.9348
22.1098
21.5966
21.7677
22.2239
21.5395
20.7982
20.5700
20.9122
20.5130
20.1138
19.6576
19.6005
19.9997
21.0263
22.8512
24.9043
24.2770
25.7027
26.2160
25.1895
26.2730
27.3566
25.8738
24.2770
22.3380
21.8247
21.3685
21.1974
21.7106
20.9122
20.6271
20.6841
20.4560
20.3989
20.2279
20.0568
19.9997
21.3685
23.3075
25.0184
26.5582
26.4441
27.0715
27.8699
27.2425
27.0715
26.6722
24.6192
23.2504
22.6801
21.7106
21.4825
21.1403
21.1403
22.2239
21.4825
21.1403
21.3685
21.3114
21.4255
21.1403
20.6271
20.1138
20.5130
23.7067
22.6801
24.0489
23.4786
23.1934
23.8207
22.5661
21.9958
21.7677
21.5395
22.3950
22.3950
22.4520
22.2809
20.9122
20.6841
20.6271
20.6271
20.4560
20.4560
20.4560
21.3685
22.1098
22.4520
23.8207
25.4176
24.3340
24.8473
25.4176
25.9879
26.2160
24.3910
22.6231
21.6536
21.4825
21.3685
21.4825
21.2544
20.7411
20.9692
20.3989
20.3419
20.0568
19.3724
19.6005
21.3114
22.9083
25.0184
25.6457
27.1285
27.1285
27.5847
26.9574
27.1285
26.2160
24.7903
23.5356
22.7372
21.3685
22.2239
21.4825
21.3114
21.0833
20.9122
20.7982
20.6841
20.2279
19.7716
20.2849
21.4825
21.7106
24.2770
24.5051
25.3606
25.8168
26.9004
27.1285
25.1895
24.8473
24.1059
23.6497
23.0223
22.6801
22.2809
21.7677
21.2544
22.3380
22.1669
21.9958
21.8247
21.7106
21.7677
21.8247
22.3950
22.6231
23.9918
23.4215
25.2465
24.7903
26.1590
25.9879
26.2730
24.9613
24.3910
23.5926
23.1934
22.9083
22.8512
22.7942
22.5091
22.6801
22.4520
22.2809
22.1098
22.0528
21.8817
22.3380
23.2504
23.9348
24.5051
24.9613
24.7903
24.5051
25.1895
26.2730
25.6457
24.6192
23.2504
21.4255
21.4825
23.0223
23.0794
22.7372
22.7372
20.4560
20.2849
20.3419
20.1708
20.2849
20.1708
20.2279
20.5130
21.7106
23.2504
23.1934
24.7903
24.5051
25.1895
26.2730
25.6457
24.6192
23.2504
21.8817
21.7106
21.1974
20.9692
20.8552
20.7411
20.3419
20.2279
19.7716
19.7146
19.8286
19.6005
19.5435
21.0833
22.5091
24.5051
25.4746
25.9309
26.8433
26.6722
26.7863
26.6722
26.0449
23.7067
22.5091
21.9388
21.4255
21.0833
20.8552
20.7411
20.3989
19.9997
19.5435
18.8591
18.9162
18.7451
18.9162
20.9122
22.0528
22.8512
23.6497
24.1059
24.6762
25.5316
24.9613
25.2465
24.1059
22.9653
22.2809
21.9388
21.3114
21.9388
21.5395
21.0833
20.1138
20.1708
19.8286
19.7146
19.7716
20.1138
20.3989
21.4255
22.2809
22.6801
22.2809
22.9653
23.8207
24.3910
24.2200
24.1629
23.5356
23.0794
22.6801
22.6801
21.6536
21.1403
20.6841
20.2279
21.2544
20.9692
20.7411
20.9122
20.8552
20.7411
20.8552
22.1098
22.6231
24.2200
23.4786
24.7332
24.7332
23.2504
21.1974
21.1403
20.9122
21.0263
20.8552
20.3419
22.2809
21.8817
21.5966
21.4255
20.4560
20.3989
20.3419
20.1708
19.8286
19.9427
20.0568
20.4560
20.7982
21.3114
21.6536
23.8207
25.0184
25.9879
25.6457
25.1895
24.7903
22.9083
21.3685
20.7411
20.1708
20.3419
20.4560
20.4560
19.5435
19.0873
18.9162
18.7451
18.8591
18.8591
19.1443
20.0568
22.3380
23.3645
24.5621
25.4746
26.1590
25.8738
25.4746
25.8168
24.9043
23.3075
22.3380
22.0528
21.3685
20.8552
20.3989
19.8286
21.1974
20.9122
20.7982
20.0568
19.9997
19.9427
19.9427
21.7677
23.6497
24.5621
25.5887
26.1590
26.5012
28.2691
27.8699
26.7293
25.8168
24.7903
23.7067
22.8512
22.1669
21.8247
21.9388
21.5966
21.3114
20.9692
20.4560
20.0568
20.2849
20.3419
20.0568
21.4255
23.0223
24.5621
25.4746
25.4176
26.4441
26.0449
28.2691
26.5012
26.5012
25.3035
23.4786
22.7372
22.7942
22.1098
21.9958
21.8817
22.4520
21.9958
21.8247
21.7106
21.6536
21.1403
21.4255
22.6231
24.7332
26.1590
26.8433
27.6418
28.6113
28.6683
29.2956
29.3527
28.0410
26.5582
24.3910
23.7637
23.1364
22.9653
22.7942
22.6801
23.3645
23.0794
23.1364
22.6231
22.5091
22.1669
22.1669
23.0223
24.7903
25.4746
26.4441
26.1590
26.5012
27.1855
26.7293
26.5012
25.7598
25.0184
24.5051
24.0489
23.7637
23.4215
23.6497
23.8207
22.5091
21.7106
21.3114
20.9122
20.9692
20.6271
20.6271
20.2279
19.9997
20.3989
20.1138
20.5700
20.7411
20.8552
21.2544
21.1974
21.1403
20.9692
21.0833
21.0833
23.4215
23.4786
23.3645
23.0223
21.0833
21.3114
21.3114
21.3114
21.5395
21.6536
21.7677
21.9388
22.6801
23.5926
24.1059
23.4786
23.8778
23.9348
23.8207
24.0489
23.9348
24.2770
23.0794
22.8512
21.1403
21.0833
20.9692
20.9692
22.9083
22.8512
22.5661
22.6231
22.3950
22.3380
22.5091
22.7942
23.3645
23.8207
24.1629
23.7067
24.8473
25.0754
24.9043
25.0754
23.8207
23.6497
23.3645
23.4786
22.9083
23.2504
23.0223
22.8512
23.1934
23.1364
22.9653
22.9083
22.7942
22.8512
23.0223
23.8778
23.8778
24.5621
25.7598
25.5887
25.7598
26.4441
25.0184
23.9918
23.4215
22.7372
22.5661
22.2239
23.6497
23.6497
23.3645
23.3645
22.6801
22.6801
22.8512
22.8512
22.7942
22.8512
22.9083
23.5926
23.8207
25.3606
25.3606
21.5395
20.5130
20.5130
19.9427
19.7716
19.8857
19.8286
19.5435
19.4865
21.0833
22.6801
22.7942
22.8512
18.9732
19.0302
19.0873
18.9732
18.9162
18.8021
18.5170
18.8591
19.0302
19.6005
19.7146
19.7716
20.0568
20.6841
20.4560
20.4560
19.7716
19.3724
19.3154
19.3154
19.2013
19.2013
19.2013
19.0873
19.2583
19.2013
19.3724
19.3154
19.2583
19.0873
19.3724
19.6005
20.1708
20.0568
20.2279
20.1138
20.1138
20.1708
20.1708
19.7716
19.7716
19.6576
19.6576
19.7146
19.3154
19.2013
19.2013
19.2013
19.9997
19.9997
19.9427
19.9997
20.0568
20.1708
20.2279
20.4560
20.7982
20.9692
21.0833
21.2544
22.5661
23.5926
24.5621
23.1934
22.3380
22.8512
22.5091
22.2809
19.7716
19.8286
19.8286
19.8857
22.1098
22.3380
22.4520
22.5091
22.3380
22.1669
22.3950
22.9083
23.1364
23.3075
24.2200
23.6497
25.3606
25.1324
25.5887
22.2239
21.6536
22.1669
22.1669
22.1669
22.6801
22.3380
22.2809
22.1098
22.1098
22.3380
22.4520
22.5091
22.3380
22.1669
22.3950
22.9083
23.1364
23.3075
24.2200
23.6497
25.3606
25.1324
25.5887
22.2239
21.6536
22.1669
22.1669
22.1669
22.6801
22.3380
22.2809
22.1098
22.2239
22.5091
22.7942
22.7942
22.7942
22.7942
23.3645
23.3645
23.9348
24.5051
25.0754
25.6457
26.3301
26.9004
27.0144
27.6418
27.9269
27.2996
25.5887
26.0449
25.3606
25.0754
24.7903
24.6192
24.6192
24.3910
24.3910
24.2770
24.4481
24.3340
24.5051
25.7598
26.5012
27.4707
28.0410
27.5277
28.8964
28.7253
28.7253
27.9269
25.7598
24.0489
23.7067
24.6762
25.8168
25.4176
24.9613
24.6192
25.0754
25.0184
24.6762
24.5051
24.6192
24.7332
25.4176
26.2730
27.0144
27.5277
29.4097
29.6948
29.5237
29.4097
29.2386
26.6722
26.8433
26.8433
25.4746
25.7027
24.8473
25.3035
25.3606
25.2465
25.3606
25.3035
25.5316
25.5316
25.4176
25.4746
25.8168
25.7027
26.3301
27.4707
28.6113
29.0675
29.5808
29.0105
29.1245
27.4707
23.5926
22.5091
23.3645
22.9653
24.9043
25.7598
25.5887
25.7027
23.9918
23.4786
23.3645
23.4215
23.3645
23.0794
22.8512
22.5661
22.6801
23.3645
23.5356
23.0794
23.7067
23.1934
22.6231
22.2239
22.0528
22.1098
22.2809
22.1098
23.0794
23.1364
23.1934
23.7067
22.1098
21.7677
21.4255
21.4825
21.7677
22.1669
22.1669
21.9388
22.2239
22.0528
22.2809
23.2504
22.7942
23.2504
23.2504
22.2809
22.2239
22.4520
22.1669
22.1669
22.1098
21.9388
22.1098
22.2239
22.1098
22.2239
22.1669
22.6801
22.0528
22.1098
22.4520
22.7942
22.8512
23.0794
23.4215
23.7637
23.7637
24.1059
23.9348
24.9613
24.9613
23.9918
24.2200
23.5356
22.1669
22.0528
21.9958
21.8817
23.7637
23.5356
24.1059
23.6497
23.8207
23.5356
24.8473
24.6762
25.3606
26.1019
25.0754
24.9613
26.1019
25.7027
24.5621
24.5621
24.1059
23.7637
22.4520
22.3950
23.3645
23.3645
23.5356
23.6497
22.2239
22.4520
22.2239
22.1669
21.4255
21.3685
22.2239
23.2504
24.6762
25.0754
25.0754
25.6457
26.5012
26.8433
26.7293
26.2160
25.7027
25.5887
22.9083
22.2809
22.5661
22.4520
22.7372
22.4520
22.7372
21.9958
21.8247
21.6536
21.2544
21.0833
21.9958
23.4215
26.0449
25.8738
26.4441
26.6722
26.4441
27.3566
28.0410
27.8699
27.1855
25.8168
23.5356
22.9653
22.1098
21.9958
21.9958
22.3380
21.9388
21.2544
20.9122
21.1974
20.9692
20.6841
21.6536
23.8778
24.7332
26.0449
27.1285
27.8699
27.5847
27.9269
27.8699
27.8699
27.8699
26.0449
24.4481
24.1059
22.9653
22.4520
21.8817
21.5966
23.3645
23.1934
23.1364
24.0489
23.4215
23.4215
23.2504
24.4481
25.2465
26.2160
27.3566
28.4972
29.8089
29.8659
29.2956
28.6683
30.0940
27.4707
26.0449
25.3035
23.4215
23.7637
23.9348
23.4786
25.4176
25.0184
25.0184
24.8473
24.6762
24.7332
24.9613
23.9348
25.7027
26.3871
27.6988
26.7863
27.1285
26.3871
27.2996
27.8128
27.6418
23.9918
24.3340
23.0223
24.9043
25.4746
25.2465
25.0754
22.9653
23.0794
23.0794
23.1934
23.1364
23.4215
23.8778
24.6192
25.0184
25.8168
25.9309
27.9269
27.9839
27.7558
28.3831
22.6231
21.3685
21.7106
21.7106
22.0528
22.9653
22.9083
23.1934
23.5356
23.1934
21.1403
20.7982
20.5130
20.5700
20.2849
20.5700
21.4825
20.9122
22.1669
22.2809
23.6497
23.8778
23.6497
23.9918
24.2200
22.5091
23.0794
21.8247
22.0528
22.0528
23.0794
23.5926
23.7067
20.6271
20.3419
20.1708
19.9427
19.8286
19.7716
19.9997
21.0833
21.0263
22.7372
23.2504
23.4215
22.9653
24.4481
25.1895
25.4746
24.2770
22.8512
21.3114
20.6841
21.9388
21.7677
21.4255
21.5395
20.6271
20.4560
20.5700
20.5130
20.3419
20.1708
20.2849
21.6536
22.5661
23.5926
24.3340
25.3606
24.6762
23.5356
23.8778
23.3075
22.7942
22.6801
22.3950
21.9388
20.9122
20.4560
20.0568
20.1708
20.7982
20.9122
20.5130
19.7716
20.1708
20.3989
20.7411
21.7677
22.1669
23.9918
24.7332
25.3606
25.4176
25.2465
26.0449
25.4746
24.7332
24.3340
22.5661
22.2239
21.8247
21.2544
20.9692
20.1138
22.3950
22.0528
22.0528
22.1098
21.6536
21.4255
22.0528
22.2809
23.0223
24.0489
25.8168
26.4441
26.2730
27.3566
26.0449
25.6457
25.0184
24.0489
23.5356
22.4520
22.8512
23.0794
22.6801
22.5091
21.2544
21.5395
21.0833
21.1403
21.1403
21.0833
21.4255
23.1934
24.3340
25.2465
26.9004
27.0144
27.4136
27.5847
28.0980
28.0410
27.7558
25.5316
23.8778
23.1934
22.1098
22.3950
21.8247
21.3685
21.9958
22.0528
22.0528
21.7106
21.8247
21.7106
22.0528
23.5356
24.7903
26.0449
27.3566
27.5277
27.8699
28.2121
27.5277
28.2691
27.0144
25.8168
23.9918
23.4786
23.1934
22.7942
22.9083
22.5661
22.9083
22.9083
22.7372
22.5091
22.5661
22.5091
22.6231
23.7637
25.1895
25.8738
26.5012
27.5847
27.8699
26.7863
26.9004
27.3566
26.4441
25.5316
24.1059
23.5356
23.2504
22.9653
23.2504
23.0794
22.1669
21.9388
21.5395
20.7411
20.8552
20.6841
21.4255
23.3075
24.9613
25.1895
27.0144
26.7863
27.8128
27.9839
28.2691
27.2425
26.5012
25.4746
24.6762
23.8778
23.0223
23.3075
22.9653
22.6231
22.6231
22.4520
22.1669
21.9388
21.8247
21.6536
22.1098
23.8207
25.3035
26.1019
27.2425
27.6418
28.5542
28.6683
27.6988
26.5582
26.3301
25.9879
25.4176
24.7332
23.9348
23.6497
23.4786
23.0223
23.7637
23.4215
23.2504
23.0223
23.0794
23.1364
23.4215
24.2770
24.7903
26.1590
26.7863
26.8433
27.8699
28.6683
27.8699
28.3831
23.0223
23.4215
22.9653
23.0223
24.6192
24.4481
23.4786
23.5926
22.7942
22.7372
22.8512
22.7942
22.6801
22.6801
23.0223
23.8778
25.0184
26.6152
26.5012
27.4136
28.6113
28.9534
28.4972
28.6683
27.6418
26.7293
25.7027
25.1324
23.1364
23.0794
23.0794
22.8512
23.9348
23.8778
23.7637
23.8207
23.8207
23.7637
23.8778
23.9918
24.6762
25.4176
26.4441
27.6418
26.0449
28.3831
26.9574
26.6722
26.6722
26.1590
25.5316
25.1895
24.8473
24.5621
24.1629
24.1059
24.0489
23.8778
23.8778
23.8207
23.8778
23.8207
24.3910
24.7332
25.4176
26.2730
26.5582
28.5542
27.2996
24.4481
27.9269
23.3645
23.5356
23.7637
24.2200
23.5356
24.7903
24.3910
24.2200
24.0489
23.6497
23.6497
23.5926
23.4786
23.4786
23.3645
23.7637
24.9613
26.2730
26.2730
27.7558
28.4402
29.0105
29.2386
29.0105
28.8394
28.0980
25.9879
25.4746
25.1324
23.0223
23.0223
23.5926
23.3645
23.8207
23.7067
23.5356
23.3075
23.4786
23.3645
23.8778
24.1629
25.6457
26.9004
27.6418
28.6683
27.2425
27.2996
24.1629
23.5926
23.3645
23.1364
23.0223
22.7372
25.0754
24.6192
24.2200
24.0489
22.5661
23.1934
23.1364
22.7942
22.6801
22.5661
23.6497
23.9918
24.7903
25.5316
28.2121
28.1550
28.2691
29.7519
28.0980
25.4746
23.1934
23.0794
23.1364
23.2504
22.6801
22.3950
22.4520
22.3380
23.5356
23.5356
23.6497
23.6497
23.5926
23.7067
24.0489
24.5051
25.0754
25.7027
27.5847
27.8699
29.0675
30.2651
29.4667
28.7253
27.9839
26.9574
25.4746
23.5926
23.1364
23.1364
23.4786
23.4215
24.0489
23.6497
23.7637
23.8207
23.7637
23.7067
24.5051
25.8168
26.2160
26.9574
28.3831
28.0980
28.7253
29.5808
27.8699
28.0980
26.6722
25.9879
25.2465
24.9043
23.5356
23.9918
23.9348
24.0489
24.0489
24.1629
23.2504
23.5356
23.5356
23.7637
23.8207
23.8778
24.5621
25.3606
26.3871
26.1019
25.4176
25.8738
26.8433
25.2465
22.9083
22.8512
22.7372
22.8512
24.6192
24.9043
23.0794
24.3910
22.6801
22.6231
22.6801
22.6801
22.5661
22.7372
22.7372
22.5091
22.6231
22.7372
23.0223
23.6497
23.6497
23.9918
24.4481
24.3910
23.0223
22.9653
22.8512
22.9083
22.7372
22.5091
22.5661
22.6231
22.5091
22.5661
22.7372
22.6231
22.6231
22.8512
22.8512
23.4786
24.9043
25.8738
27.2996
25.8168
28.4402
29.1816
23.0794
22.5091
22.9083
23.2504
23.2504
22.9083
22.7372
22.6801
22.4520
22.2809
23.4786
23.4786
23.5356
23.4786
23.5356
23.5926
23.8778
25.7027
25.9309
26.2730
27.4707
28.4402
29.5808
24.7903
27.1855
28.9534
27.8128
26.1019
25.4746
24.9043
22.8512
22.8512
23.4215
23.5926
23.7067
23.7067
23.5926
23.5926
23.3645
23.3075
23.7637
24.4481
24.9613
26.6152
27.6988
24.1059
24.1059
26.5582
24.4481
26.6722
25.9879
24.1059
23.9918
24.1629
24.5621
24.3340
24.1059
23.8778
23.8207
23.5926
23.3645
23.4215
23.1934
23.6497
24.0489
24.2200
26.4441
26.3871
28.0410
27.4707
27.4707
26.5582
27.8128
28.0410
26.9004
25.5887
25.2465
24.8473
24.2770
24.1059
24.1059
23.8778
24.1059
23.7637
23.7067
23.5356
23.6497
23.4786
23.4786
24.6762
26.0449
26.3871
26.6152
28.5542
28.1550
28.4972
28.4402
25.8738
25.9309
24.6192
23.7067
23.4786
24.7332
24.5051
24.3340
24.3340
23.3645
23.2504
22.8512
22.7372
22.9083
23.2504
23.6497
24.2770
25.0754
26.6152
26.0449
26.2730
27.4136
26.1019
27.8128
25.8738
26.5012
26.3301
25.2465
24.9043
23.4215
23.6497
23.4786
23.4215
23.2504
23.1364
22.7372
22.7942
22.7942
22.7372
23.1934
24.3910
24.7332
26.2160
26.1590
26.2160
26.3301
27.4707
27.7558
27.8128
26.3871
26.3871
24.8473
24.5051
24.4481
24.3340
23.6497
23.4215
23.6497
23.5356
23.4215
23.1364
22.8512
23.0794
23.8207
25.4746
25.8738
26.6152
27.5277
28.0980
26.5582
27.5277
27.0144
27.6988
27.6418
26.1590
25.3606
25.0754
24.3910
24.1059
24.0489
24.5621
24.2200
24.2770
23.5926
23.3075
23.2504
23.0223
23.6497
25.7027
27.0715
27.4136
28.4972
29.1245
29.2956
29.6948
29.8659
29.6948
27.5277
25.6457
25.6457
25.0184
25.0754
25.5316
25.0754
24.7332
24.3340
24.3340
24.1629
24.0489
24.2770
24.0489
24.2770
23.0794
23.4786
24.2770
24.3910
23.7637
23.5356
24.3910
23.6497
24.6762
24.5621
24.6192
24.5051
24.7903
24.6192
23.7067
23.9918
24.3340
23.1364
23.5926
23.7067
23.7067
22.8512
22.9083
22.8512
23.0794
23.7067
23.0223
23.2504
23.3645
23.6497
23.4215
23.1364
23.0794
23.4215
23.4215
23.1364
22.8512
23.4786
23.3075
23.0794
23.2504
22.6231
22.3950
22.5661
22.8512
23.0223
23.0794
23.1364
23.3075
23.5926
23.4786
24.1059
25.0184
25.6457
27.7558
27.9269
26.5582
27.0715
25.8168
25.3606
24.3910
22.7942
22.6801
22.5661
22.6231
23.0794
23.1934
22.9653
22.9083
22.7372
22.5661
23.6497
24.9043
26.3301
27.2996
26.5012
28.2121
28.3261
28.2691
28.8964
28.6683
27.4707
26.1019
25.4176
24.9043
24.2770
23.9348
23.8207
23.5356
23.7637
23.4215
23.3645
23.4215
22.5091
22.7372
22.6231
22.7942
23.2504
23.8778
25.4746
25.0184
24.6192
24.9613
25.0754
25.1895
25.8738
25.2465
24.0489
23.1934
24.7903
24.6192
24.2770
23.8207
22.9083
22.6801
22.7372
22.7372
22.5091
22.1669
22.7372
23.3645
25.1324
26.3871
27.5277
27.4136
27.7558
29.5237
29.3527
28.0980
26.7863
24.8473
23.8207
24.1059
22.7942
22.7372
22.7942
22.9083
24.0489
23.8207
23.7637
23.4786
23.2504
23.1934
24.1629
25.3035
26.1590
27.1855
26.5012
28.4972
22.5661
22.3380
22.7372
22.9653
22.7372
22.5661
22.4520
22.7372
24.2770
24.2770
24.2200
24.1059
22.7942
22.9653
22.9653
23.0223
23.1934
22.3380
22.2239
22.5091
22.7372
22.5661
22.9653
22.7942
22.7942
22.7942
22.7942
22.9653
23.0223
22.8512
22.8512
22.7942
22.9653
23.1364
23.0223
22.9083
22.7942
22.6801
22.6231
22.5091
22.6231
22.5661
22.5661
22.5661
22.7942
23.0794
23.3645
23.7637
24.9043
26.2160
22.7372
22.9083
22.9653
22.9653
22.6801
22.3950
22.7372
22.7942
22.7942
22.7372
22.3950
22.4520
22.5661
22.6231
22.8512
22.8512
23.3075
24.7332
25.0754
25.6457
26.9004
27.4136
25.9879
27.8128
27.8699
27.2996
26.7293
26.1590
25.4176
24.8473
22.2239
22.2809
22.3380
22.3950
23.8207
23.7067
23.7637
23.7637
23.6497
23.6497
23.7637
23.9348
24.5051
26.6152
27.2996
27.2996
23.4786
27.1855
27.6418
27.4136
26.5582
25.8738
25.5316
24.9613
24.5051
24.2200
24.2770
23.7637
23.7637
23.6497
23.3645
23.3075
23.2504
22.9653
23.4786
25.4746
25.7027
26.6722
27.5847
28.7253
29.1245
28.4972
29.5237
29.2386
29.0675
27.4707
26.3301
25.8738
24.6762
24.4481
24.2770
23.9918
23.9918
23.7637
23.5356
23.3075
23.1364
23.1934
23.9918
25.3606
26.1590
26.8433
27.6988
29.1816
27.5847
29.9230
29.8089
29.6378
28.8964
27.5277
26.3301
25.4176
25.3606
24.9043
24.5621
24.2770
24.1059
23.9348
23.6497
23.3075
23.3645
23.3075
23.9348
25.2465
25.8738
26.9004
27.8699
28.7253
29.0675
29.5237
30.3792
29.8089
29.1245
27.5847
26.2160
25.5887
25.5887
25.2465
25.0184
24.2200
24.2770
23.5926
23.3645
23.1364
23.1934
23.4215
23.6497
24.8473
25.8168
26.5012
27.3566
28.5542
28.7824
29.1816
29.6948
30.2651
29.4097
28.1550
25.9879
25.8168
25.6457
25.0754
24.2770
24.5051
23.8778
23.7067
23.4215
23.4215
23.3075
23.2504
23.8778
25.4176
25.9309
26.2730
27.6988
28.4402
28.4972
29.5237
29.4097
29.8659
29.8089
27.8128
26.0449
26.2160
25.5887
24.8473
24.2770
24.2770
24.4481
24.2200
24.0489
23.8207
23.5356
23.8207
24.4481
25.7027
25.9879
27.1855
27.6988
28.8394
29.4667
30.5503
30.0940
30.2651
29.0105
27.5847
27.1285
25.9879
26.0449
25.4746
24.9043
24.5051
24.7903
24.2770
24.1059
23.9918
23.9348
23.7067
24.1629
25.6457
26.7293
27.7558
28.2121
27.6988
29.0105
24.6762
24.1629
23.3075
22.9653
23.0223
23.0223
22.9653
25.2465
25.0754
24.4481
24.7903
22.6801
22.5661
22.6231
22.5091
22.6801
22.5661
23.0223
23.6497
25.5316
26.3301
27.0144
27.2996
27.2996
28.5542
26.1019
25.5887
25.0184
25.5316
24.6762
24.2200
22.9083
22.8512
22.7942
22.7942
23.9348
24.1629
23.6497
23.3645
23.2504
23.1934
23.1934
24.4481
25.8168
26.1019
26.0449
26.2730
27.6418
28.0980
27.9269
27.6418
26.4441
25.7027
25.0184
24.4481
23.8778
24.1059
23.8778
24.2200
23.7067
24.1059
23.5926
23.3645
23.4786
23.6497
23.6497
23.9348
23.8778
24.5051
25.3606
25.0184
27.4136
25.9879
25.5887
23.7067
22.9083
22.8512
22.7942
22.9083
24.0489
23.9348
23.8207
23.8207
22.9653
22.9083
23.0794
23.1364
22.9653
22.9653
23.0794
23.5356
24.0489
24.5051
25.7027
25.8738
25.7027
26.7293
26.5582
27.5847
23.7067
23.3645
23.3645
23.1934
23.1364
23.0794
23.0794
23.0223
23.3075
23.3075
23.2504
23.7067
23.5926
23.5356
23.5356
23.5356
24.8473
25.0184
25.5887
26.9574
27.5277
27.6418
26.9004
27.4707
26.5012
26.5012
25.8168
24.7903
23.2504
23.3645
23.2504
23.0794
23.0223
23.2504
23.0794
23.0794
23.3645
22.7942
23.4215
23.9918
24.3340
26.2730
27.1855
26.6722
27.5277
27.6988
27.9269
26.5012
24.0489
22.6801
22.5091
22.6231
23.1934
22.9653
22.9653
22.9083
22.6801
22.6801
22.6231
22.5661
22.5091
22.6801
22.5661
22.7942
23.1934
23.3075
23.7637
25.0184
25.8168
25.9309
26.1019
27.0715
26.3871
25.9309
24.1629
23.8778
22.6801
22.6801
22.6801
22.6801
22.5091
22.7372
22.7942
22.7372
22.8512
22.9083
22.8512
23.0794
23.9918
25.0754
26.1019
24.2200
25.0184
24.7903
25.6457
26.5012
25.3035
24.6192
24.2770
23.5926
23.0794
22.5091
22.3380
22.3380
23.3645
23.1934
23.4786
23.5356
23.5356
23.4215
24.0489
24.7903
25.8168
26.2730
26.5012
26.5012
27.6988
28.2121
27.0715
24.4481
23.5926
22.2809
22.2239
22.1098
23.3645
23.3645
23.3075
23.3075
21.9958
22.1669
21.9958
22.0528
22.0528
22.1669
22.2809
22.7942
23.8207
24.7332
25.0184
24.7332
24.5051
25.5316
24.4481
24.3340
24.3910
24.6192
23.8778
23.4215
22.0528
22.0528
22.0528
22.2239
23.1934
23.1364
22.9653
22.7372
22.7372
22.6801
22.8512
23.3645
23.9918
24.9613
25.5887
26.9574
26.1019
26.0449
26.0449
26.0449
25.3606
25.0184
24.5051
23.9918
23.4215
23.1934
23.1364
23.1934
23.3075
23.4215
23.3075
23.1934
23.1364
23.0794
23.3075
24.6762
25.4746
26.5582
24.4481
27.1285
28.0980
28.7824
28.0980
28.8964
28.2121
25.8168
25.1324
24.9043
23.8778
23.7067
23.6497
23.5356
23.9918
23.9348
23.7637
23.7637
23.8778
23.8778
24.0489
24.5051
24.3340
25.9309
27.9839
28.0980
29.1245
29.1245
26.1590
26.2160
27.1855
26.2160
25.1324
25.0184
24.7332
24.5621
24.3340
24.2200
24.2200
23.7067
23.6497
23.5356
23.3645
23.0223
23.3645
25.4176
26.1590
26.6152
28.2121
27.9269
27.4707
27.8699
29.0675
28.7253
28.0410
27.3566
25.7027
25.3606
24.7903
24.7332
24.4481
24.3910
24.2200
23.7067
23.7067
23.3645
22.9083
22.5661
23.3075
25.0754
26.3301
27.5277
28.1550
28.8394
29.4097
29.9230
30.1511
29.9800
30.0940
29.1245
25.7598
25.2465
25.5316
25.2465
24.8473
24.3340
24.3910
23.9348
23.7067
23.8207
23.9348
23.2504
23.4786
25.4746
27.1285
28.1550
28.7253
29.5808
30.8925
30.0940
30.9495
29.8089
30.1511
28.8964
26.0449
25.6457
24.9613
25.0184
24.7903
24.5051
25.3606
24.9043
24.7903
24.2770
24.3340
24.2770
24.2200
25.0184
26.6152
27.7558
27.6418
28.6113
29.1245
28.8394
28.8394
28.8964
28.3261
27.2996
25.5316
25.2465
25.2465
25.3035
25.0754
24.7332
24.1059
23.7637
23.5356
23.1934
23.2504
23.0794
23.5356
25.1895
26.7293
26.3871
27.2996
28.3261
28.3831
29.2956
28.3831
29.6948
29.2956
27.6418
26.5012
25.8738
24.7903
24.7903
24.9043
24.4481
23.8207
23.7637
23.3645
22.8512
22.6801
22.5661
23.0794
25.5316
26.7293
28.0410
29.0675
30.0940
30.0370
30.4362
30.3792
29.9800
29.7519
28.8964
26.6722
25.9879
25.3606
24.8473
24.6762
24.2200
24.3340
24.4481
24.4481
24.4481
24.2200
24.4481
24.7903
24.9043
24.9613
24.3340
25.1324
25.3606
25.8168
24.3910
25.7598
23.1364
23.3645
23.6497
23.3075
23.4215
24.9613
24.7332
24.3910
24.1059
23.5926
23.5356
23.4215
23.4215
23.4215
23.2504
23.3645
23.5356
23.9348
24.7903
25.2465
23.4215
24.6762
21.9388
22.7942
22.6231
22.6801
22.7372
22.6801
22.6231
23.8778
23.6497
23.7637
23.7637
22.5661
22.5091
22.4520
22.5091
22.6231
22.7372
22.8512
22.9653
23.9348
24.5051
24.5621
24.1629
26.0449
27.4707
25.0184
24.1629
21.8817
22.3380
22.3380
22.0528
22.6231
22.6801
22.6801
22.6231
22.1098
22.1098
22.0528
22.1098
22.1098
22.1669
22.3950
23.6497
25.3606
26.1590
27.1285
28.2691
28.0980
28.4972
28.4972
28.6113
28.5542
27.5847
24.5621
24.5051
22.0528
21.9388
21.9388
22.1098
24.1059
23.7637
23.5926
23.3645
22.9653
22.7942
23.0794
25.3035
26.3301
27.1855
28.2691
28.2121
29.4097
29.8659
29.8659
29.5808
29.0675
28.1550
25.1895
24.9043
24.0489
23.9918
24.1059
23.8207
24.1059
23.5926
23.1364
23.1364
22.7942
22.6231
23.5356
25.2465
26.3871
27.6988
28.3261
28.6683
29.5237
30.3792
29.5808
29.4667
29.1245
27.8699
25.1895
24.9613
24.9613
24.6192
24.3340
24.1059
23.6497
23.5926
23.3645
23.1934
23.1364
22.5661
22.8512
24.1059
26.2160
27.8128
28.2121
28.8394
28.8964
28.6683
28.9534
28.3831
28.3261
27.0715
25.3606
24.9613
24.5621
24.8473
24.5621
23.9348
24.3910
24.3340
24.0489
23.8207
23.3645
23.2504
23.5356
25.1324
26.3301
26.5582
27.8699
26.4441
27.6988
29.2386
28.6683
28.9534
28.9534
27.2425
25.7027
25.0184
24.6192
24.5621
24.3910
24.5051
24.2770
24.0489
23.9918
23.8778
23.7067
23.3645
23.4215
25.1895
25.9879
27.8699
28.2691
28.6683
29.0105
29.1245
29.4097
29.1245
29.0675
27.2996
26.1590
25.5316
24.9043
24.5051
25.0754
24.6762
24.4481
24.1629
24.0489
23.8778
23.8207
23.7067
23.9918
25.1895
26.4441
27.4707
27.8699
28.9534
29.2956
29.4667
29.2386
30.2081
29.4667
28.4972
26.9574
26.1590
25.1895
25.8738
25.3035
24.9043
24.7332
24.7332
24.5621
24.1059
23.9348
23.7067
23.9918
25.0184
26.2160
27.1285
27.9839
29.1245
28.7824
29.0675
29.6948
29.9230
26.3301
25.3606
25.0184
24.9613
25.9309
25.8738
25.4176
25.1324
23.8207
23.5926
23.4786
23.4786
23.5926
23.5356
23.5926
24.8473
24.3910
24.8473
24.6192
24.4481
23.9918
24.5621
24.5051
24.2770
24.6762
24.8473
23.8778
23.4786
24.9613
24.7903
24.4481
24.2770
22.5091
22.5661
22.6231
22.6231
22.4520
22.4520
22.6801
22.9653
23.0794
23.4786
23.4215
23.3075
22.9083
24.9043
24.2200
25.0184
24.2200
24.1059
23.1934
22.7942
23.5926
23.4786
23.5356
22.5091
22.5091
22.5661
22.5091
22.3950
22.4520
22.6231
22.8512
24.2200
24.3910
25.0184
24.9613
24.7903
25.8738
25.1324
24.9613
24.6762
23.4215
23.4786
23.3075
23.1364
22.8512
22.7942
22.5661
22.5661
23.0223
23.2504
23.3645
23.3645
23.3645
23.2504
23.8207
24.5051
26.3871
27.5847
27.6418
27.1855
27.6988
27.2996
27.6988
26.7293
24.3340
24.4481
23.8778
23.8207
23.0794
23.0794
23.1364
23.0794
23.8207
23.7637
23.7637
23.7067
23.7067
23.4786
24.1629
25.2465
26.0449
27.0715
27.9269
28.7824
29.0105
29.3527
29.6948
29.4667
28.4972
27.6418
26.1019
25.5316
24.1059
24.2770
24.1059
23.9918
23.8778
23.7067
23.6497
23.5926
23.4215
23.1364
23.5356
24.7332
26.1590
27.4136
27.6988
28.5542
28.7253
30.2081
29.4097
29.5237
28.4402
27.6418
25.9879
25.7027
25.2465
24.9043
24.4481
23.9918
23.9918
23.7067
23.5926
23.4215
23.0794
22.9653
23.7067
25.3035
25.7598
26.9574
27.8128
28.6683
29.1245
29.9230
29.6378
28.2121
28.7253
27.8128
26.0449
25.6457
25.3035
25.0184
24.4481
24.0489
23.9348
23.8207
23.4786
23.3075
23.3075
23.3645
24.2200
25.3606
26.2160
27.2425
28.3831
29.5237
29.0105
29.5237
28.8394
27.9839
28.5542
28.0410
25.5316
25.1324
25.5316
25.1324
24.5621
24.2200
23.3645
23.3645
23.3645
22.5661
22.5091
22.5091
23.0794
24.8473
26.3871
27.0715
27.8699
25.9879
28.1550
27.6418
26.9004
22.4520
23.0794
23.1934
23.3645
24.1629
24.9043
24.2770
24.2200
23.5926
22.4520
22.3950
22.5091
22.4520
22.3380
22.3950
22.6231
23.9918
25.4176
26.7863
27.3566
28.2691
28.6683
27.0144
26.2730
23.7637
22.9083
22.7942
23.0223
23.0794
23.6497
22.6231
23.0223
22.6801
22.3380
22.2809
22.2809
22.3950
22.2239
22.2809
22.7372
23.7637
24.9043
26.5582
25.9309
26.6722
28.2691
27.8128
27.6988
27.9269
27.5277
25.7598
24.5621
23.9918
23.0223
22.7942
22.3950
22.3950
23.2504
23.0794
22.7942
22.7372
22.6231
22.4520
22.9653
25.1324
25.8168
26.5582
27.1285
27.9839
27.5277
27.7558
27.8128
27.6988
27.6418
26.2160
25.1324
24.6762
24.0489
23.6497
23.3645
23.7637
23.7637
23.8778
23.6497
23.4215
22.8512
22.7372
23.1364
25.1324
26.8433
27.8699
28.3261
28.8964
29.1816
28.1550
24.2770
27.5277
28.0410
25.9309
25.1324
24.5051
24.2200
24.5621
24.5051
23.9918
23.8778
23.7637
23.6497
23.1364
22.9083
22.7942
23.2504
25.3606
26.8433
27.4707
28.5542
28.5542
29.7519
30.6643
30.7784
30.0940
29.3527
28.0410
25.5316
25.8738
24.2770
24.0489
24.3340
24.0489
24.3910
24.0489
23.9348
23.7637
23.8778
23.3645
24.1629
25.4176
26.2730
27.4707
28.3261
29.5237
30.8925
30.8354
30.7214
29.9230
29.6948
28.3831
26.1590
25.9879
25.4746
25.1324
24.4481
24.2770
24.4481
24.1059
23.7067
23.5356
23.4215
23.4215
23.8778
25.4746
26.0449
26.1590
28.2691
29.8659
27.8128
23.0794
22.7372
23.3645
24.2200
23.9348
23.1934
22.9083
25.4746
24.9613
24.9043
24.6762
23.1364
23.4215
22.9653
23.0223
23.0794
22.6231
22.7942
23.9348
23.8778
24.3910
25.7598
27.4707
27.5847
27.6418
27.2996
26.6152
27.0144
25.9309
24.6762
24.2200
23.0794
22.9653
23.3645
23.2504
23.2504
23.4215
23.7637
22.7942
23.0794
23.6497
23.5356
24.2770
25.5887
26.9574
27.2425
27.5847
28.0980
27.4136
28.4972
27.7558
26.3871
25.2465
25.0754
25.3035
24.1629
24.4481
23.9918
23.5926
24.3910
24.5621
24.5051
23.4786
23.8778
22.7942
23.8778
24.9043
25.7598
26.8433
27.9839
28.8394
28.6683
28.2121
28.4972
27.5847
26.6722
26.3301
25.0184
25.0184
24.9613
24.2200
24.3910
24.5051
23.7067
23.5926
23.3645
23.6497
23.0223
23.3075
23.4215
24.0489
26.5582
27.1285
27.1285
28.9534
29.4097
27.8699
29.0675
27.6988
25.6457
25.4176
25.1324
24.6192
25.2465
25.0754
24.2770
24.0489
24.1059
24.3340
24.1629
23.9348
23.6497
23.9918
23.5356
25.4176
26.0449
27.3566
28.6113
29.9800
30.1511
30.3792
28.6683
30.2081
29.3527
27.1855
25.7598
25.5316
24.6762
24.3340
24.5051
24.3910
24.9613
24.5621
24.3910
23.7637
23.5356
23.4786
23.5356
25.0754
27.2425
27.0715
26.9574
28.2121
28.3261
29.6948
29.2956
29.3527
27.9839
27.2996
25.8738
25.3606
25.5316
25.4746
25.7027
25.1895
24.5051
24.4481
24.6762
24.0489
23.5356
23.5356
24.2200
25.1324
26.5012
27.4136
27.4136
27.9269
28.8394
28.6113
28.3831
26.6722
26.3871
25.9879
25.7598
25.3606
25.0754
25.3035
25.6457
24.9613
24.4481
23.9348
24.2200
23.7637
23.2504
23.0223
23.2504
23.4786
24.3340
24.5621
23.8778
24.1059
25.1895
23.8207
23.4215
23.3645
23.1364
23.0794
22.6801
22.3950
24.9613
24.7332
23.9918
23.7637
22.2239
22.2809
22.2239
22.2239
22.2239
22.2809
22.3380
22.6801
23.9348
24.1059
24.6192
25.4176
25.4746
27.2425
26.2160
26.5582
26.3301
25.1895
24.6192
23.0794
22.2809
22.1669
22.2239
22.2809
22.8512
22.9083
22.9653
23.1364
23.0223
23.0794
23.3645
23.5926
23.8207
23.4786
23.6497
23.9918
23.8207
23.4786
23.1364
22.8512
23.1934
23.1364
22.9653
22.9083
22.9083
22.7942
22.6801
22.7942
22.9083
22.8512
22.7942
22.8512
22.6801
22.6231
22.5661
23.5926
25.1895
26.2730
27.3566
27.9269
27.7558
27.0715
28.2691
28.2121
27.7558
25.7027
25.0184
24.5621
22.6801
22.6231
22.6801
22.7942
24.4481
23.9918
23.4786
23.5356
23.4215
23.5926
23.8207
24.8473
25.5316
27.0715
27.9839
28.9534
28.1550
26.7863
26.6152
26.6722
23.1364
23.4786
23.2504
23.1364
24.4481
24.2200
24.6762
23.8778
23.0223
23.0223
22.9653
22.9083
22.8512
22.9083
22.9653
24.2770
25.3035
26.3301
26.6722
27.9269
28.2691
28.6113
28.4972
28.4402
27.2996
26.1590
25.0754
25.1324
23.2504
23.0794
23.0223
22.9653
24.2200
24.0489
23.8778
23.5926
23.3075
23.0223
23.0794
24.6192
25.3606
26.2730
26.6722
27.8699
28.2691
27.9839
28.0980
27.8699
26.6722
25.8738
24.9613
24.6762
24.8473
24.6192
24.4481
24.2770
23.7637
23.5356
23.0223
23.0794
23.4786
23.4215
23.6497
23.9918
25.9879
26.1019
27.5277
27.9839
28.0980
28.5542
28.8394
27.4707
27.7558
26.1019
25.4176
25.1324
24.8473
24.7332
24.2200
24.2200
23.7637
23.4215
23.3075
23.3645
23.5926
23.7067
22.9653
23.5926
24.4481
24.7332
25.8738
26.3301
27.2996
27.4707
27.6418
27.5277
27.7558
25.7027
24.9043
24.5051
25.0754
24.6762
24.2770
23.9918
23.8207
23.7067
23.4786
23.7637
23.5926
23.7067
23.8207
23.8778
25.3035
26.5012
27.8128
26.9574
28.7253
28.3261
28.2691
28.2691
26.9574
26.1019
22.1669
21.8817
24.3340
23.9348
23.9348
23.8778
21.9388
21.9958
22.1098
22.0528
22.1669
22.1669
22.6801
23.0794
23.6497
24.9043
25.7027
27.1285
26.5012
26.7293
27.1855
27.0715
26.7293
22.7942
22.3950
22.4520
22.2809
22.4520
22.3950
22.5091
22.9083
22.6801
22.8512
23.3645
23.4786
23.4786
23.4786
23.5356
24.0489
24.7332
26.6152
26.9574
26.5012
26.9574
27.2996
27.0144
27.4707
25.1895
24.2770
23.8778
22.3950
22.3950
22.3950
22.6801
23.4215
23.3075
22.9083
22.4520
22.6231
22.6801
22.9653
24.6192
25.7027
26.3301
27.1855
26.6152
27.2996
28.0410
28.0980
28.2121
27.5847
25.9879
25.1324
24.5051
24.1629
23.7067
23.4215
23.1934
22.9083
23.3075
22.6231
22.3380
22.2239
22.1669
22.1669
24.2200
25.4176
25.8168
27.6988
27.6988
28.6683
29.0675
28.3831
28.2691
25.2465
24.9043
23.9348
24.0489
23.8778
24.0489
23.5356
23.2504
23.0223
23.0223
22.7372
22.7942
22.5661
22.4520
22.6801
24.3340
24.9043
26.9574
28.6683
28.6683
28.3831
29.2956
28.8394
28.0980
27.7558
25.9879
24.7903
24.5051
24.1629
24.2200
23.7637
23.4786
23.1934
23.1934
23.1364
23.0794
23.1364
23.0223
23.0223
24.3910
26.0449
26.4441
28.3831
28.5542
29.1245
28.8964
28.8964
27.9269
28.0410
26.1019
25.5887
25.4746
24.0489
23.5356
23.5926
23.3075
23.7637
23.8778
23.5926
23.5356
23.3645
23.0794
23.0794
23.9918
25.1324
27.0715
27.9269
28.3831
28.6113
28.6113
28.4402
28.3831
27.7558
25.7598
24.8473
24.5051
24.9043
24.9613
24.6192
24.2200
22.5091
22.6801
22.7372
22.7372
22.7942
22.7942
23.0223
24.2770
24.7332
25.2465
26.5012
27.6988
27.4707
27.9839
29.1816
28.5542
27.8699
26.5012
24.7332
24.1629
24.7903
24.7903
24.1059
22.3950
23.0223
22.9083
22.9083
22.9653
23.0223
23.1364
23.1934
23.8778
24.7332
25.8738
27.0144
27.9269
27.1285
25.8738
26.1019
26.5582
25.8738
24.9043
24.0489
23.5356
23.8207
23.4786
23.2504
23.1934
21.9388
21.7677
21.2544
21.0833
20.7411
20.7411
20.6271
21.1974
22.4520
23.4786
25.7598
23.9348
24.6192
25.0754
24.9043
25.5887
24.1059
23.2504
22.7372
22.3950
23.1364
22.8512
22.3380
22.2239
21.3685
21.0263
20.7982
20.6841
20.4560
20.1138
19.9427
20.9692
22.2809
22.9653
24.5621
25.2465
25.7027
25.7598
25.5887
25.3035
24.5621
22.9083
22.2239
21.8817
22.2239
22.0528
21.7677
21.4825
20.7411
20.3989
20.3989
20.1708
19.8857
19.7716
19.9997
20.7411
22.5091
23.4215
24.7903
25.6457
26.1590
25.8168
25.9309
25.9879
25.1324
23.7067
22.3950
22.6801
21.5966
21.0833
20.9692
20.9122
21.8817
21.8817
21.4825
21.1974
21.2544
20.9692
20.9122
21.4825
22.6801
23.7067
23.3645
25.4746
26.4441
26.7293
26.2730
25.1324
24.5051
23.8207
23.1364
22.9083
22.7942
22.3380
22.3950
22.1098
21.2544
21.9388
21.7106
21.4825
21.3685
21.1974
21.0833
21.0833
21.5395
23.4215
22.8512
23.8207
23.5926
24.1059
23.8207
23.9348
23.5356
23.1934
23.0794
23.0794
22.5661
22.5091
22.3950
21.8247
22.7372
22.6801
22.5091
22.3380
22.3380
22.1669
22.1669
22.5661
22.7942
22.7942
24.1629
23.7637
20.5700
21.1974
21.8817
22.0528
20.7982
21.0263
21.3685
21.3114
23.0794
23.0794
23.0794
22.9083
20.9692
20.9122
21.4825
21.4825
21.4825
20.9692
21.4825
21.7106
22.1669
23.8207
23.7067
24.0489
25.9309
25.1895
25.2465
24.9613
24.9043
24.3340
24.1059
24.3910
20.6271
20.6271
21.1403
21.5395
22.5661
22.5661
22.6801
22.8512
22.1669
21.9388
21.9958
23.0223
24.4481
24.6762
27.3566
27.7558
27.5847
28.6113
28.4402
27.9269
27.2996
25.1895
24.5051
24.3340
23.9348
23.8207
22.9083
22.7942
23.3075
22.9083
22.7372
23.8207
23.8207
23.5356
23.3645
24.1059
25.6457
25.6457
25.9309
27.8128
28.8394
28.7824
29.2386
27.0144
26.4441
25.9309
25.7027
25.8738
24.0489
23.8778
23.9348
24.1629
25.7027
25.5887
25.5887
25.4176
25.0184
25.1895
24.4481
23.1934
24.2200
24.5621
24.6192
22.6801
22.3950
23.4215
22.9653
22.3380
22.2239
22.2809
22.2809
22.1669
25.9309
25.8168
25.5887
25.7027
22.3380
22.6801
22.6231
22.7942
22.5091
22.6231
22.5661
22.6801
22.9083
23.1934
23.5926
23.0794
23.0223
23.3075
23.8207
24.9043
24.6192
23.3645
23.1934
23.1934
22.0528
22.2239
21.8817
21.8817
22.9083
22.7942
22.7942
22.9653
22.7942
22.8512
22.7942
22.5661
22.1098
22.5091
22.9653
23.9918
23.5926
24.3910
25.2465
24.4481
23.9918
23.2504
23.1934
23.0794
23.4786
23.3075
22.8512
22.9653
22.3950
22.2809
21.9388
21.8247
21.8247
21.7677
21.6536
22.0528
23.4786
24.9043
24.5051
26.2160
24.0489
24.2200
23.9918
23.7067
23.5926
23.3645
23.0794
22.9083
23.1364
23.0794
22.9083
22.6231
22.1669
21.3114
21.5395
21.3685
21.0833
20.9692
20.6841
20.6271
20.2849
20.8552
21.3114
21.5395
21.4825
21.3685
21.5395
21.1403
20.9122
20.6271
20.1708
18.7451
22.7942
22.6801
22.3380
22.3950
18.4599
18.6880
18.6880
18.2888
18.2888
18.5170
18.5740
18.8021
19.0873
19.3154
19.9427
20.1708
20.5700
20.0568
19.6005
19.7716
19.3154
19.0873
19.2013
19.3154
18.5740
18.5170
18.4029
18.5170
19.4294
19.4294
19.3724
19.3154
19.3724
19.2583
19.3724
19.7146
20.2849
20.4560
21.2544
21.8817
22.6231
22.7942
22.6231
22.2809
21.8817
20.9692
20.1138
20.5130
19.3724
19.3724
19.4294
19.2583
20.1138
20.1138
19.3724
19.5435
19.1443
19.2583
19.3724
19.6576
20.4560
22.2239
22.9653
22.8512
22.2239
21.0833
20.6271
20.8552
20.4560
20.3989
20.4560
20.5130
20.7411
19.9997
19.8857
20.2279
19.6576
19.7146
19.7146
19.7146
19.7146
19.8857
19.9427
20.0568
20.2279
20.7982
20.9692
21.5966
22.1669
22.0528
22.2239
23.3075
22.1669
21.8247
21.7677
21.6536
20.3989
19.9427
19.7716
19.7146
20.6841
20.5700
20.5700
20.5130
20.7411
20.6271
20.3989
20.7411
21.3114
23.4786
23.7067
23.4215
24.7332
25.3035
25.5316
25.4176
24.5621
22.6801
22.2239
21.9388
21.4255
21.1974
20.6841
20.7982
21.1403
20.9122
20.6841
20.6841
20.5130
20.5130
21.6536
22.6231
23.5356
24.2770
25.8168
26.2730
26.3871
26.7293
26.9574
26.4441
25.4746
23.3645
22.9083
22.7942
22.7372
22.3950
21.7106
21.5966
22.1669
22.1098
21.9958
22.0528
22.1669
21.7677
21.5966
22.9653
23.6497
24.2770
25.7027
25.4746
27.2425
26.7293
26.8433
26.6152
25.1324
24.2770
23.4786
23.4786
22.6801
22.7942
22.4520
22.2809
22.5091
22.5091
22.3950
22.3950
21.6536
21.9958
21.9388
22.1098
22.4520
22.6231
22.9083
22.6801
23.0794
22.9653
22.3950
22.6231
22.3950
22.2809
22.2239
21.7106
24.1059
23.5356
23.1934
22.3950
21.9958
22.0528
22.1669
21.9958
21.8247
21.5966
21.5966
21.7677
22.1098
22.2239
22.1098
21.9958
21.8817
21.8817
21.9388
22.1669
22.1669
22.1098
22.0528
22.0528
21.9388
21.9958
21.9388
21.9958
22.0528
22.0528
21.9958
22.0528
22.1098
22.1098
22.1098
22.2239
23.0223
22.9083
23.3075
23.9918
22.2239
23.0794
23.4786
23.2504
22.7372
21.9958
21.5966
21.4825
22.1098
22.1098
22.1098
22.1098
21.6536
21.3114
21.0833
20.8552
20.7982
20.5130
20.7982
21.1974
21.6536
21.9958
22.3380
22.5661
22.7372
23.0223
22.3950
21.7677
21.3685
21.3685
21.2544
20.8552
21.5395
21.4825
21.5395
21.4255
21.2544
21.4255
21.4255
21.4255
21.3685
21.1974
21.1403
21.5395
21.5966
21.8247
22.2239
23.2504
22.9653
24.4481
24.2200
24.4481
23.6497
22.2809
21.8247
21.4825
21.1974
21.1403
21.2544
21.1974
21.5395
21.0833
20.5130
20.4560
20.6271
20.9692
20.8552
21.5395
22.7372
23.7637
24.7903
25.0184
25.7598
25.6457
25.5316
25.1895
24.1629
21.5395
21.0833
20.9692
21.2544
21.0263
21.3685
21.7106
19.8286
20.1138
19.9427
20.3419
19.7146
19.6005
20.5700
21.4825
22.5661
23.9918
24.7332
25.4176
25.4176
25.8168
25.6457
25.4176
24.1629
21.8247
21.3685
21.1974
21.1403
21.0263
20.9122
21.0263
20.3419
20.7982
20.7411
20.2279
19.7716
19.4865
19.8857
21.0833
21.9388
23.9348
24.5621
25.0184
25.1895
25.0184
24.7903
24.3340
23.2504
21.4825
21.1974
21.1974
21.1974
20.7982
20.6841
20.5700
20.1138
19.9997
19.7716
19.6576
19.4865
19.5435
19.2583
20.1138
22.1669
23.5356
24.3910
24.5051
25.1895
24.9613
24.9043
24.7332
23.2504
21.4825
20.8552
20.7982
20.5700
20.3989
20.2279
20.2849
19.7146
19.7146
19.2583
19.2583
19.3154
19.2013
19.2583
19.9997
21.6536
22.4520
23.9348
24.2200
24.5621
24.9043
24.7332
24.4481
23.0794
21.6536
21.1403
20.9122
20.5130
20.5700
20.6271
20.3989
20.1708
19.9997
20.0568
19.9427
19.7146
19.5435
19.6576
21.1403
22.3950
22.4520
24.5051
25.0754
25.2465
25.2465
24.9613
25.0754
23.3645
21.7677
21.4825
21.4255
20.8552
20.8552
20.7411
20.6841
20.6271
20.1708
20.6841
20.3419
20.2279
20.1138
19.9997
21.0263
22.6231
24.2200
23.7067
24.6192
25.3606
25.5316
24.6762
24.7332
23.7067
22.5091
21.9388
21.7677
21.1974
20.9122
20.9692
20.8552
21.7106
21.7677
21.2544
21.4825
21.5395
21.3114
20.9122
21.7677
22.9083
23.1934
24.7332
24.9613
25.8738
25.5316
25.7598
25.8168
24.6192
22.7942
22.2239
21.9958
21.7106
21.5395
21.5395
21.4825
21.1974
20.9692
20.8552
20.7411
20.6841
20.5700
20.5130
21.7677
23.5926
24.7903
25.9309
26.1590
25.4746
25.3606
26.1019
25.2465
23.9918
23.0223
22.4520
22.5661
21.9388
21.7106
21.4255
21.1974
22.1098
21.6536
21.3114
20.8552
20.7982
20.6271
20.5700
20.8552
21.7106
21.5395
22.3380
22.3950
21.9958
21.8247
21.8817
21.0263
20.6841
20.4560
20.2849
20.0568
22.3950
22.5091
22.1098
21.7106
19.6576
19.6576
19.6005
19.4294
19.3154
19.2583
19.2583
19.4294
19.9427
21.3114
21.5966
22.5091
22.4520
21.4255
21.5966
21.1974
21.3685
19.9997
19.5435
19.9997
19.9997
19.8857
19.8286
19.7716
20.1708
20.3989
20.2279
20.1138
19.9997
19.8286
19.8857
20.0568
20.5700
20.8552
23.3645
23.1934
23.3645
24.3910
24.0489
23.8778
23.0223
21.3114
20.8552
20.6271
20.2279
20.4560
20.4560
20.2849
20.7982
20.6841
20.6841
20.4560
20.2849
20.2279
20.3419
20.8552
21.4255
23.4215
24.2770
24.5051
24.2200
24.2200
24.3340
23.1934
22.7942
22.2239
21.8817
21.8247
20.7411
20.6841
21.1974
21.1403
20.6841
20.3989
19.9997
19.7146
19.4294
19.4294
19.9997
20.2279
21.3114
23.1364
24.0489
24.2770
23.7637
22.1669
22.3950
21.9388
21.8247
20.9692
20.7411
20.4560
21.5395
21.1974
21.2544
20.9692
19.4865
19.3154
19.0302
19.0302
19.0873
19.5435
19.4865
19.7146
20.2279
21.4255
22.2809
23.4786
23.4215
23.4215
23.7067
23.4215
22.0528
21.6536
21.4255
21.1974
20.4560
20.5130
19.8286
19.4294
19.4865
19.3724
19.1443
19.1443
18.8591
18.9162
18.7451
19.7146
21.3114
21.4825
21.7677
21.2544
22.7372
23.3075
23.7637
23.3075
22.3950
20.9122
20.6841
20.3989
21.0263
20.7411
20.2279
19.5435
20.1708
20.1138
20.0568
19.9997
19.6576
19.4865
19.7716
21.0833
22.3950
22.8512
23.9918
24.8473
25.0184
24.4481
24.7903
23.9348
23.0794
21.5395
21.1403
21.1403
20.3989
20.2849
20.3419
20.2849
20.4560
20.5130
20.1138
19.8857
19.7146
19.4865
19.8857
20.9122
21.7677
24.0489
24.7332
24.8473
25.1895
25.4746
25.2465
25.1895
23.4786
22.0528
21.7106
21.7677
21.0263
20.9692
20.6271
20.5700
21.5966
20.6841
20.7982
20.5700
21.0833
20.8552
20.8552
21.2544
22.0528
22.9653
24.3910
24.7332
25.0754
25.5887
25.5316
24.5621
23.7067
22.7372
22.6231
22.4520
22.5661
21.8247
22.2239
22.0528
22.1669
21.8817
21.9388
21.7677
21.7106
21.6536
21.7106
21.9388
23.3645
24.6762
25.1895
25.6457
25.5316
25.4176
25.1895
24.1059
23.7067
23.1364
22.9653
22.6801
22.5661
22.3950
22.3950
22.5091
21.7677
21.0263
21.0833
20.9692
20.7982
20.7411
20.6841
22.3380
24.0489
24.7332
25.7598
26.1019
25.6457
26.3871
26.5012
26.5012
24.9613
23.1934
22.9083
22.5661
22.2809
22.0528
21.9388
21.8247
21.7677
21.7106
21.7106
21.7106
22.0528
21.9958
21.9958
22.3380
22.7942
24.4481
25.8738
26.4441
26.5582
26.7293
26.9574
26.2730
25.8168
24.5621
23.8207
23.8778
23.3645
22.5661
21.9958
21.7677
22.8512
22.7942
21.9958
21.7677
21.7677
21.4255
21.8817
22.2239
23.4786
25.3035
26.1590
26.3871
26.2160
26.3301
25.0754
24.9613
24.6762
24.1059
22.5661
21.9388
23.7637
23.4786
23.1934
22.9653
21.3685
21.7106
21.9388
21.6536
21.3685
21.3685
21.0833
21.0833
20.3989
20.5130
20.9122
20.7982
20.5130
20.6841
20.7982
20.4560
19.6576
19.2013
19.0302
18.8021
21.7677
21.4825
21.5395
21.4825
18.0607
17.9467
17.8896
17.9467
17.8896
17.6045
17.7185
17.6615
17.9467
17.9467
17.4334
17.5474
18.0037
18.0607
18.0607
18.0037
18.0607
18.2318
18.0037
18.0037
18.8591
18.6880
18.5170
18.1748
17.7756
17.7185
17.6615
17.8326
17.6615
17.7185
17.6045
17.7185
18.6310
19.3154
20.3419
19.8286
22.3950
20.9122
20.7982
20.3989
19.8857
19.4865
19.4865
19.4294
17.8896
18.1177
18.0607
17.9467
18.5170
18.3459
18.0607
17.8896
17.7756
17.7185
17.7185
17.8326
18.5170
19.7146
19.9997
21.0263
21.0833
21.1403
21.0263
20.5130
20.0568
18.4599
18.1748
18.0607
19.2583
18.8591
18.8021
18.7451
17.6615
17.7756
17.7756
17.8896
17.7185
17.4904
17.5474
18.6880
20.7982
21.5966
22.7942
22.5661
23.1934
23.2504
23.4215
23.1934
21.5395
19.9997
19.6576
19.6005
18.0037
17.9467
17.8896
18.0037
18.9162
18.7451
18.4599
18.5740
18.0607
17.9467
18.0607
19.1443
20.3419
21.7106
22.7372
23.6497
23.7637
24.0489
23.8207
23.3645
21.8247
20.4560
20.1708
20.1708
19.3154
19.2583
19.2013
19.1443
18.9732
19.2583
19.1443
18.9162
19.2583
18.5170
18.4029
19.5435
21.1974
22.7372
23.2504
23.9918
23.6497
23.7067
24.1059
23.5926
21.7106
20.5700
20.2279
20.1708
20.1708
19.9997
19.9427
19.7146
20.0568
19.7716
19.6576
19.7716
19.2583
19.4294
19.9427
19.7146
21.1403
22.3950
23.8207
23.7637
24.0489
24.2200
24.0489
23.8778
22.6231
21.5966
21.4825
21.4825
20.3989
20.5130
20.1138
20.1138
20.9122
20.6271
19.9427
20.1708
19.8857
19.9997
20.4560
20.1708
21.0263
21.6536
23.0794
23.9348
24.7332
24.6192
23.9348
24.1059
22.7942
22.3380
22.1098
21.9958
21.3685
21.1974
21.2544
21.1403
21.3685
21.3685
21.1403
21.4255
21.3685
21.5966
21.7677
21.5966
22.4520
22.6231
23.7637
23.9918
24.1629
23.6497
22.7942
20.9122
20.7982
20.7411
20.5700
20.7982
21.8817
21.7106
21.5395
21.7106
20.7411
20.6841
20.7411
20.6841
20.6841
20.6841
20.6841
20.9122
21.1974
21.6536
22.2809
22.6231
22.5661
22.7942
22.7372
22.8512
21.9958
21.5395
21.3114
21.1974
20.7411
20.7411
20.6841
20.6841
20.6841
20.5700
20.6841
20.6271
20.6841
20.6271
20.6841
20.6271
22.6801
23.4786
24.2200
24.3910
25.0184
24.8473
24.6192
23.9348
23.1364
22.5091
22.0528
21.8247
21.0263
20.6841
20.6271
20.7982
20.5130
20.2279
19.9997
19.6576
19.6005
19.5435
19.5435
19.7716
20.3989
22.2809
22.9083
23.8778
23.9348
24.1629
23.9918
23.3645
21.7106
20.1138
19.6005
19.8286
21.6536
21.3114
21.0833
20.8552
19.4865
19.6576
19.3724
18.8591
18.8021
19.0302
19.1443
19.2013
19.3724
19.5435
19.7146
20.1708
19.7716
19.4865
19.6576
19.7146
19.4294
19.0302
19.0873
19.0873
20.7411
20.2279
19.9427
19.6005
18.8591
18.8021
19.0302
19.3724
18.9162
18.9162
19.2583
19.1443
19.6576
20.3419
21.3685
21.6536
21.7677
22.7372
22.2239
21.7106
21.2544
20.1138
19.9997
20.7411
19.2013
19.0873
18.9732
18.8591
20.5700
20.1708
19.7146
20.2849
19.9997
19.8857
19.6005
19.8286
20.5130
22.5661
22.9653
23.1364
23.4215
22.5661
22.6801
22.5091
22.0528
21.1974
20.8552
20.0568
21.1403
21.0263
21.0263
20.7982
18.5740
18.5740
18.5170
18.5740
18.2888
18.2888
18.0037
18.2888
19.1443
20.5700
22.2239
22.2239
22.1669
22.2809
22.4520
22.1669
20.1138
19.3154
19.1443
19.3154
19.4865
19.4865
19.4294
18.9162
19.2583
19.4865
19.2013
19.0302
18.9162
18.8591
18.6310
19.2013
19.2583
19.7146
20.2279
20.3419
20.7411
20.5130
20.3419
20.4560
19.8286
19.0302
19.1443
18.9732
19.4294
19.4865
19.5435
19.3724
18.9162
18.8021
18.7451
18.7451
18.9732
18.5740
18.5170
18.5740
19.4294
20.0568
20.4560
20.8552
21.2544
21.2544
21.8247
21.3114
20.6841
20.2279
19.7146
19.6005
19.0873
18.9732
18.9732
18.9732
18.6310
18.8591
18.5740
18.6310
18.2888
18.1748
18.1748
18.5740
20.3989
21.5395
21.7677
23.1934
23.1934
23.7637
23.4215
22.9653
21.3685
20.2279
19.8857
19.8857
19.7716
19.3724
18.9732
18.9162
19.2583
18.9732
18.7451
18.5170
18.2888
18.4029
18.1177
18.5740
20.4560
21.4825
21.5395
23.0223
24.4481
24.3910
23.9918
23.7637
21.7677
20.6271
20.4560
20.2279
19.7146
19.6576
19.3724
19.2013
19.4294
19.0302
18.8591
18.5740
18.9162
18.8021
18.5170
18.8021
20.6271
21.0263
22.1098
23.1934
23.5356
22.9083
23.1934
23.1934
21.7677
20.8552
20.6841
20.3419
20.1708
19.9427
19.7146
19.6576
19.7716
19.6576
19.2583
19.0873
19.1443
18.7451
18.8591
19.0302
20.6271
22.2239
23.4215
23.7067
24.6192
24.4481
24.7332
23.6497
23.1364
22.3380
22.2239
21.5395
20.2849
20.3989
19.8857
20.2849
18.4029
17.8896
17.3764
16.9201
16.4068
16.0076
15.6084
15.8365
16.4639
17.3193
17.3764
18.7451
18.7451
18.4029
18.5170
18.1748
17.2623
16.4068
15.6655
15.2092
20.6271
20.1138
19.5435
18.7451
14.2397
14.1827
13.3843
13.4983
13.2702
13.4413
12.9850
13.3843
14.6389
15.2662
16.4068
17.7185
18.6310
19.1443
18.5740
18.8021
17.3193
16.4068
15.7225
15.2092
14.9811
14.6389
14.5249
14.4108
13.6124
13.1561
12.6999
12.9850
12.6999
12.4147
12.3007
13.3843
14.4678
16.0647
17.4334
17.8896
18.8021
18.7451
19.7146
19.7716
18.5170
16.2358
15.8365
15.8936
14.6959
14.4678
14.1256
13.7835
14.9811
14.6959
14.7530
14.0686
14.2967
14.0686
13.7264
14.6959
16.0647
17.1482
18.5740
20.0568
19.3724
19.9427
20.3419
19.4865
18.6880
16.9771
16.6920
16.6920
15.5514
15.3803
15.6084
15.1522
16.3498
16.4639
16.4068
16.6350
16.2358
15.9506
15.8936
16.7490
17.6615
18.5740
19.2013
20.2279
20.7982
20.6271
21.1403
20.6841
19.9427
19.0302
19.1443
19.2583
16.7490
16.9201
17.1482
17.1482
18.9162
19.0302
18.8021
18.9732
18.6310
18.8021
18.7451
18.7451
19.3154
19.5435
20.6841
20.7982
21.3685
21.5395
21.6536
21.9388
20.7982
19.9997
19.9997
20.1138
19.0302
19.6576
19.1443
18.9732
20.7411
20.4560
20.3419
20.1708
19.8857
19.8857
19.6576
19.5435
19.7146
19.8286
20.1708
19.8286
20.1138
20.1138
19.8286
19.7716
19.0873
18.4599
18.4029
18.4029
20.1138
20.1138
19.7716
20.4560
17.3764
17.0342
16.3498
16.1787
16.1217
15.7795
15.9506
16.0076
16.2358
16.8631
17.8326
17.9467
18.6310
18.8021
18.5740
17.8326
17.3193
16.9201
16.5209
16.0076
18.3459
18.2318
18.1748
17.8896
15.2092
15.1522
14.9811
14.9241
14.9811
14.3538
14.4108
14.5819
14.9811
15.2092
15.2662
16.4068
16.2928
17.6615
18.0037
16.6920
16.8061
16.2358
16.2358
15.8365
15.6084
15.3803
15.2662
15.2092
14.7530
14.4678
14.1256
13.7835
13.7264
13.6124
13.7264
14.0116
14.4108
15.3803
15.6655
16.5779
17.3193
17.2053
17.3764
17.2053
16.1217
15.0952
14.5819
14.2397
15.7225
15.3803
15.1522
14.8670
12.8710
12.6999
12.5288
12.4147
12.3577
12.4147
12.3007
12.6429
13.8405
14.4108
16.8631
16.6350
17.6045
17.6615
18.1177
17.6615
16.3498
14.8100
14.4108
14.4678
13.7835
13.4413
13.1561
12.9850
14.9241
14.5249
13.5553
13.7264
13.4413
13.4413
13.7264
13.9546
14.6959
16.7490
17.7756
18.5170
18.9162
19.1443
18.9162
18.4029
17.4334
15.8936
15.6084
15.6655
15.0952
15.4944
15.3803
15.0952
15.0381
14.5819
14.2967
14.2967
13.9546
14.0686
13.8975
15.0952
16.1787
16.9771
18.2318
19.0302
19.6576
19.6576
19.7146
19.6005
18.1748
16.8061
16.6920
16.5209
15.4944
15.2662
16.1217
14.9241
16.1787
15.9506
15.6084
15.3803
15.3233
15.7225
15.5514
15.8365
17.4334
19.0302
19.7716
20.2279
20.9122
20.7982
21.1403
20.6841
19.4865
18.2318
18.0037
17.9467
16.5209
16.4639
16.2358
16.2928
17.3764
17.9467
17.9467
17.8326
17.6615
17.6615
17.6615
17.6615
17.6045
18.2888
18.1177
19.9427
19.2013
20.1138
19.8857
19.3724
18.8021
18.1748
17.8896
17.6615
17.6615
17.4334
18.2888
17.6615
17.0912
16.6920
16.3498
16.1217
16.0647
15.7795
15.3803
15.4373
15.7795
16.2358
16.6920
18.1748
18.3459
18.4029
18.4029
18.1748
17.8896
17.3764
17.3764
17.0912
17.4904
17.3764
17.0912
17.0912
16.0076
15.7795
15.6084
15.3233
15.2662
15.0952
14.8670
14.9811
15.2092
16.2358
17.1482
17.6615
18.6310
18.5740
18.1748
18.3459
17.4904
15.8936
15.3233
15.4944
17.1482
16.7490
16.4639
16.2358
15.0952
15.6084
15.3803
15.1522
15.2662
15.2662
15.1522
15.3803
15.9506
16.4639
18.7451
19.6576
19.6576
19.3154
19.6005
19.4865
18.1177
16.8061
16.4068
16.2358
15.3233
15.3803
15.7225
15.4373
15.0952
14.8100
14.4678
14.3538
14.3538
14.0686
13.8975
14.1827
15.4373
17.2623
18.2888
18.7451
19.0302
19.2583
19.4294
18.8021
17.7185
16.2928
16.2358
15.7795
15.8936
15.8365
16.1217
15.4373
15.2662
16.1217
16.5779
16.5779
16.1787
16.1217
16.0647
16.0076
17.4334
17.2623
18.4599
19.3154
19.4865
20.2279
20.4560
19.9997
19.2013
18.4029
18.1177
18.1177
16.0647
15.8936
15.2092
16.2358
17.6615
17.8896
18.2318
18.0037
17.8326
17.6615
17.5474
17.6045
18.1748
19.2013
20.2279
21.3685
21.4825
21.3114
21.3114
20.5130
19.9427
18.9162
18.6310
18.2888
18.0607
18.4599
18.2888
18.0607
18.0607
17.8896
17.6615
17.2053
16.9201
16.7490
16.4068
15.9506
16.2928
17.0912
18.8591
19.4865
19.9997
19.6005
19.7146
19.2583
18.0037
17.2053
16.9201
16.4068
17.9467
17.7185
18.6310
18.4029
14.8100
14.2397
14.0686
13.7264
13.5553
13.5553
13.2702
13.3272
13.9546
15.7225
16.8061
17.3764
17.6615
17.6615
18.1177
17.9467
17.0912
16.6350
16.4639
15.8365
16.1217
15.9506
15.4373
15.0381
14.6959
14.3538
14.0686
13.7264
13.5553
13.4983
13.3843
13.2702
14.0686
14.7530
15.3803
16.3498
18.0037
18.4029
17.4904
16.9771
16.5209
15.3803
14.9811
14.5819
15.4373
15.3233
15.1522
14.9241
14.1256
13.7835
13.4413
12.8710
12.0726
12.0155
11.7304
12.0726
13.6124
14.5819
16.5779
17.3193
17.6045
18.1177
18.3459
17.8326
16.3498
14.8670
14.4678
14.2397
14.5819
14.9811
14.8670
14.5249
13.6124
13.2702
12.8710
13.1561
12.8710
12.6999
12.5288
12.8140
14.8100
16.9201
17.6615
18.2318
18.0037
18.6880
19.0302
18.4599
17.4334
15.9506
15.8936
15.6084
14.1256
14.2967
14.0116
14.0686
15.5514
15.6084
14.9241
14.7530
14.5249
14.8670
14.6959
14.8670
16.4068
17.8326
17.8896
18.3459
18.5740
19.0302
19.4294
18.6880
18.3459
17.7185
17.3764
17.3193
15.3803
15.5514
15.7795
15.7225
17.0912
16.9201
16.8061
16.8631
16.6920
16.6350
16.5779
16.9201
17.4904
18.7451
19.0873
19.8286
20.1708
20.6841
20.4560
19.9997
19.6576
18.8021
18.5170
18.4599
17.3764
17.3764
17.3193
17.4334
18.0037
18.1177
17.8896
17.8326
17.7185
17.7185
17.6615
18.0607
18.3459
18.6880
19.8857
20.2279
20.3419
20.9122
21.2544
20.9692
19.9427
19.3154
18.5170
18.1748
18.5170
18.5170
18.1177
18.2318
16.9201
16.6920
16.5209
16.2928
15.8936
15.3233
15.2662
15.2662
15.6084
16.2928
16.7490
17.6615
17.8326
18.4029
18.5740
18.2318
17.5474
17.0342
16.8061
16.4639
17.8326
17.5474
17.3193
17.1482
16.0647
16.0647
15.9506
15.4373
15.2662
14.8100
14.9241
14.9811
15.6084
16.9201
17.2623
17.9467
18.4029
19.1443
18.6880
18.5740
18.5170
17.5474
17.3193
17.5474
16.2358
16.0647
16.0647
16.0647