20090101
20091231
12.13 
12.13 
12.13 
12.13 
12.13 
12.13 
12.13 
12.13 
12.13 
12.13 
12.13 
12.13 
12.13 
12.13 
12.13 
12.13 
12.13 
12.13 
12.13 
12.13 
12.13 
12.13 
12.13 
12.13 
12.13 
12.13 
12.13 
12.13 
12.13 
12.13 
12.13 
12.13 
12.13 
12.13 
12.13 
12.13 
12.13 
12.13 
12.13 
12.13 
12.13 
12.13 
12.13 
12.13 
12.13 
12.13 
12.13 
12.13 
12.13 
12.13 
12.13 
12.13 
12.13 
12.13 
12.13 
12.13 
12.13 
12.13 
12.13 
12.13 
12.13 
12.13 
12.13 
12.13 
12.13 
12.13 
12.13 
12.13 
12.13 
12.13 
12.13 
12.13 
12.13 
12.13 
12.13 
12.13 
12.13 
12.13 
12.13 
12.13 
12.13 
12.13 
12.13 
12.13 
12.13 
12.13 
12.13 
12.13 
12.13 
12.13 
12.13 
12.13 
12.13 
12.13 
12.13 
12.13 
12.13 
12.13 
12.13 
12.13 
12.13 
12.13 
12.13 
12.13 
12.13 
12.13 
12.13 
12.13 
12.13 
12.13 
12.13 
12.13 
12.13 
12.13 
12.13 
12.13 
12.13 
12.13 
12.13 
12.13 
12.13 
12.13 
12.13 
12.13 
12.13 
12.13 
12.13 
12.13 
12.13 
12.13 
12.13 
12.13 
12.13 
12.13 
12.13 
12.13 
12.13 
12.13 
12.13 
12.13 
12.13 
12.13 
12.13 
12.13 
12.13 
12.13 
12.13 
12.13 
12.13 
12.13 
12.13 
12.13 
12.13 
12.13 
12.13 
12.13 
12.13 
12.13 
12.13 
12.13 
12.13 
12.13 
12.13 
12.13 
12.13 
12.13 
12.13 
12.13 
12.13 
12.13 
12.13 
12.13 
12.13 
12.13 
12.13 
12.13 
12.13 
12.13 
12.13 
12.13 
12.13 
12.13 
12.13 
12.13 
12.13 
12.13 
12.13 
12.13 
12.13 
12.13 
12.13 
12.13 
12.13 
12.13 
12.13 
12.13 
12.13 
12.13 
12.13 
12.13 
12.13 
12.13 
12.13 
12.13 
12.13 
12.13 
12.13 
12.13 
12.13 
12.13 
12.13 
12.13 
12.13 
12.13 
12.13 
12.13 
12.13 
12.13 
12.13 
12.13 
12.13 
12.13 
12.13 
12.13 
12.13 
12.13 
12.13 
12.13 
12.13 
12.13 
12.13 
12.13 
12.13 
12.13 
12.13 
12.13 
12.13 
12.13 
12.13 
12.13 
12.13 
12.13 
12.13 
12.13 
12.13 
12.13 
12.13 
12.13 
12.13 
12.13 
12.13 
12.13 
12.13 
12.13 
12.13 
12.13 
12.13 
12.13 
12.13 
12.13 
12.13 
12.13 
12.13 
12.13 
12.13 
12.13 
12.13 
12.13 
12.13 
12.13 
12.13 
12.13 
12.13 
12.13 
12.13 
12.13 
12.13 
12.13 
12.13 
12.13 
12.13 
12.13 
12.13 
12.13 
12.13 
12.13 
12.13 
12.13 
12.13 
12.13 
12.13 
12.13 
12.13 
12.13 
12.13 
12.13 
12.13 
12.13 
12.13 
12.13 
12.13 
12.13 
12.13 
12.13 
12.13 
12.13 
12.13 
12.13 
12.13 
12.13 
12.13 
12.13 
12.13 
12.13 
12.13 
12.13 
12.13 
12.13 
12.13 
12.13 
12.13 
12.13 
12.13 
12.13 
12.13 
12.13 
12.13 
12.13 
12.13 
12.13 
12.13 
12.13 
12.13 
12.13 
12.13 
12.13 
12.13 
12.13 
12.13 
12.13 
12.13 
12.13 
12.13 
12.13 
12.13 
12.13 
12.13 
12.13 
12.13 
12.13 
12.13 
12.13 
12.13 
12.13 
12.13 
12.13 
12.13 
12.13 
12.13 
12.13 
12.13 
12.13 
12.13 
12.13 
12.13 
12.13 
12.13 
12.13 
12.13 
12.13 
12.13 
12.13 
12.13 
12.13 
12.13 
12.13 
12.13 
12.13 
12.13 
12.13 
12.13 
12.13 
12.13 
12.13 
12.13 
12.13 
12.13 
12.13 
12.13 
12.13 
12.13 
12.13 
12.13 
12.13 
12.13 
12.13 
12.13 
12.13 
12.13 
12.13 
12.13 
12.13 
12.13 
12.13 
12.13 
12.13 
12.13 
12.13 
12.13 
12.13 
12.13 
12.13 
12.13 
12.13 
12.13 
12.13 
12.13 
12.13 
12.13 
12.13 
12.13 
12.13 
12.13 
12.13 
12.13 
12.13 
12.13 
12.13 
12.13 
12.13 
12.13 
12.13 
12.13 
12.13 
12.13 
12.13 
12.13 
12.13 
12.13 
12.13 
12.13 
12.13 
12.13 
12.13 
12.13 
12.13 
12.13 
12.13 
12.13 
12.13 
12.13 
12.13 
12.13 
12.13 
12.13 
12.13 
13.60 
13.59 
13.58 
13.56 
13.55 
13.54 
13.53 
13.51 
13.50 
13.49 
13.48 
13.47 
13.45 
13.44 
13.43 
13.42 
13.40 
13.39 
13.38 
13.37 
13.36 
13.34 
13.33 
13.32 
13.31 
13.29 
13.28 
13.27 
13.26 
13.25 
13.23 
13.22 
13.21 
13.20 
13.19 
13.17 
13.16 
13.15 
13.14 
13.12 
13.11 
13.10 
13.09 
13.08 
13.06 
13.05 
13.04 
13.03 
13.02 
13.00 
12.99 
12.98 
12.97 
12.96 
12.94 
12.93 
12.92 
12.91 
12.89 
12.88 
12.87 
12.86 
12.85 
12.83 
12.82 
12.81 
12.80 
12.79 
12.77 
12.76 
12.75 
12.74 
12.73 
12.72 
12.70 
12.69 
12.68 
12.67 
12.66 
12.64 
12.63 
12.62 
12.61 
12.60 
12.58 
12.57 
12.56 
12.55 
12.54 
12.52 
12.51 
12.50 
12.49 
12.48 
12.47 
12.45 
12.44 
12.43 
12.42 
12.41 
12.40 
12.38 
12.37 
12.36 
12.35 
12.34 
12.33 
12.31 
12.30 
12.29 
12.28 
12.27 
12.26 
12.24 
12.23 
12.22 
12.21 
12.20 
12.19 
12.18 
12.16 
12.15 
12.14 
12.13 
12.12 
12.11 
12.10 
12.08 
12.07 
12.06 
12.05 
12.04 
12.03 
12.02 
12.00 
11.99 
11.98 
11.97 
11.96 
11.95 
11.94 
11.93 
11.91 
11.90 
11.89 
11.88 
11.87 
11.86 
11.85 
11.84 
11.83 
11.81 
11.80 
11.79 
11.78 
11.77 
11.76 
11.75 
11.74 
11.73 
11.72 
11.70 
11.69 
11.68 
11.67 
11.66 
11.65 
11.64 
11.63 
11.62 
11.61 
11.60 
11.59 
11.58 
11.56 
11.55 
11.54 
11.53 
11.52 
11.51 
11.50 
11.49 
11.48 
11.47 
11.46 
11.45 
11.44 
11.43 
11.42 
11.41 
11.40 
11.39 
11.38 
11.37 
11.35 
11.34 
11.33 
11.32 
11.31 
11.30 
11.29 
11.28 
11.27 
11.26 
11.25 
11.24 
11.23 
11.22 
11.21 
11.20 
11.19 
11.18 
11.17 
11.16 
11.15 
11.14 
11.13 
11.12 
11.11 
11.10 
11.09 
11.08 
11.08 
11.07 
11.06 
11.05 
11.04 
11.03 
11.02 
11.01 
11.00 
10.99 
10.98 
10.97 
10.96 
10.95 
10.94 
10.93 
10.92 
10.91 
10.90 
10.90 
10.89 
10.88 
10.87 
10.86 
10.85 
10.84 
10.83 
10.82 
10.81 
10.80 
10.79 
10.79 
10.78 
10.77 
10.76 
10.75 
10.74 
10.73 
10.72 
10.72 
10.71 
10.70 
10.69 
10.68 
10.67 
10.66 
10.65 
10.65 
10.64 
10.63 
10.62 
10.61 
10.60 
10.60 
10.59 
10.58 
10.57 
10.56 
10.55 
10.55 
10.54 
10.53 
10.52 
10.51 
10.51 
10.50 
10.49 
10.48 
10.47 
10.47 
10.46 
10.45 
10.44 
10.43 
10.43 
10.42 
10.41 
10.40 
10.40 
10.39 
10.38 
10.37 
10.37 
10.36 
10.35 
10.34 
10.34 
10.33 
10.32 
10.31 
10.31 
10.30 
10.29 
10.29 
10.28 
10.27 
10.26 
10.26 
10.25 
10.24 
10.24 
10.23 
10.22 
10.22 
10.21 
10.20 
10.20 
10.19 
10.18 
10.18 
10.17 
10.16 
10.16 
10.15 
10.14 
10.14 
10.13 
10.12 
10.12 
10.11 
10.10 
10.10 
10.09 
10.09 
10.08 
10.07 
10.07 
10.06 
10.06 
10.05 
10.04 
10.04 
10.03 
10.03 
10.02 
10.02 
10.01 
10.00 
10.00 
9.99 
9.99 
9.98 
9.98 
9.97 
9.97 
9.96 
9.96 
9.95 
9.94 
9.94 
9.93 
9.93 
9.92 
9.92 
9.91 
9.91 
9.90 
9.90 
9.89 
9.89 
9.88 
9.88 
9.88 
9.87 
9.87 
9.86 
9.86 
9.85 
9.85 
9.84 
9.84 
9.83 
9.83 
9.83 
9.82 
9.82 
9.81 
9.81 
9.81 
9.80 
9.80 
9.79 
9.79 
9.79 
9.78 
9.78 
9.77 
9.77 
9.77 
9.76 
9.76 
9.76 
9.75 
9.75 
9.75 
9.74 
9.74 
9.74 
9.73 
9.73 
9.73 
9.72 
9.72 
9.72 
9.72 
9.71 
9.71 
9.71 
9.70 
9.70 
9.70 
9.70 
9.69 
9.69 
9.69 
9.69 
9.68 
9.68 
9.68 
9.68 
9.67 
9.67 
9.67 
9.67 
9.67 
9.66 
9.66 
9.66 
9.66 
9.66 
9.65 
9.65 
9.65 
9.65 
9.65 
9.65 
9.64 
9.64 
9.64 
9.64 
9.64 
9.64 
9.64 
9.63 
9.63 
9.63 
9.63 
9.63 
9.63 
9.63 
9.63 
9.63 
9.63 
9.63 
9.63 
9.62 
9.62 
9.62 
9.62 
9.62 
9.62 
9.62 
9.62 
9.62 
9.62 
9.62 
9.62 
9.62 
9.62 
9.62 
9.62 
9.62 
9.62 
9.62 
9.62 
9.62 
9.62 
9.62 
9.62 
9.63 
9.63 
9.63 
9.63 
9.63 
9.63 
9.63 
9.63 
9.63 
9.63 
9.63 
9.64 
9.64 
9.64 
9.64 
9.64 
9.64 
9.64 
9.64 
9.65 
9.65 
9.65 
9.65 
9.65 
9.66 
9.66 
9.66 
9.66 
9.66 
9.67 
9.67 
9.67 
9.67 
9.67 
9.68 
9.68 
9.68 
9.68 
9.69 
9.69 
9.69 
9.69 
9.70 
9.70 
9.70 
9.71 
9.71 
9.71 
9.72 
9.72 
9.72 
9.73 
9.73 
9.73 
9.74 
9.74 
9.74 
9.75 
9.75 
9.75 
9.76 
9.76 
9.77 
9.77 
9.77 
9.78 
9.78 
9.79 
9.79 
9.80 
9.80 
9.80 
9.81 
9.81 
9.82 
9.82 
9.83 
9.83 
9.84 
9.84 
9.85 
9.85 
9.86 
9.86 
9.87 
9.87 
9.88 
9.88 
9.89 
9.90 
9.90 
9.91 
9.91 
9.92 
9.92 
9.93 
9.94 
9.94 
9.95 
9.95 
9.96 
9.97 
9.97 
9.98 
9.99 
9.99 
10.00 
10.01 
10.01 
10.02 
10.03 
10.03 
10.04 
10.05 
10.05 
10.06 
10.07 
10.08 
10.08 
10.09 
10.10 
10.11 
10.11 
10.12 
10.13 
10.14 
10.14 
10.15 
10.16 
10.17 
10.18 
10.19 
10.19 
10.20 
10.21 
10.22 
10.23 
10.24 
10.24 
10.25 
10.26 
10.27 
10.28 
10.29 
10.30 
10.31 
10.32 
10.32 
10.33 
10.34 
10.35 
10.36 
10.37 
10.38 
10.39 
10.40 
10.41 
10.42 
10.43 
10.44 
10.45 
10.46 
10.47 
10.48 
10.49 
10.50 
10.51 
10.52 
10.53 
10.55 
10.56 
10.57 
10.58 
10.59 
10.60 
10.61 
10.62 
10.63 
10.64 
10.66 
10.67 
10.68 
10.69 
10.70 
10.71 
10.73 
10.74 
10.75 
10.76 
10.77 
10.79 
10.80 
10.81 
10.82 
10.83 
10.85 
10.86 
10.87 
10.88 
10.90 
10.91 
10.92 
10.94 
10.95 
10.96 
10.98 
10.99 
11.00 
11.01 
11.03 
11.04 
11.05 
11.07 
11.08 
11.10 
11.11 
11.12 
11.14 
11.15 
11.16 
11.18 
11.19 
11.21 
11.22 
11.24 
11.25 
11.26 
11.28 
11.29 
11.31 
11.32 
11.34 
11.35 
11.37 
11.38 
11.40 
11.41 
11.43 
11.44 
11.46 
11.47 
11.49 
11.50 
11.52 
11.53 
11.55 
11.56 
11.58 
11.59 
11.61 
11.62 
11.64 
11.66 
11.67 
11.69 
11.70 
11.72 
11.74 
11.75 
11.77 
11.78 
11.80 
11.82 
11.83 
11.85 
11.87 
11.88 
11.90 
11.92 
11.93 
11.95 
11.97 
11.98 
12.00 
12.02 
12.03 
12.05 
12.07 
12.08 
12.10 
12.12 
12.13 
12.15 
12.17 
12.19 
12.20 
12.22 
12.24 
12.26 
12.27 
12.29 
12.31 
12.33 
12.34 
12.36 
12.38 
12.40 
12.42 
12.43 
12.45 
12.47 
12.49 
12.51 
12.52 
12.54 
12.56 
12.58 
12.60 
12.62 
12.63 
12.65 
12.67 
12.69 
12.71 
12.73 
12.75 
12.76 
12.78 
12.80 
12.82 
12.84 
12.86 
12.88 
12.90 
12.92 
12.93 
12.95 
12.97 
12.99 
13.01 
13.03 
13.05 
13.07 
13.09 
13.11 
13.13 
13.15 
13.17 
13.19 
13.20 
13.22 
13.24 
13.26 
13.28 
13.30 
13.32 
13.34 
13.36 
13.38 
13.40 
13.42 
13.44 
13.46 
13.48 
13.50 
13.52 
13.54 
13.56 
13.58 
13.60 
13.62 
13.64 
13.66 
13.68 
13.70 
13.72 
13.74 
13.76 
13.79 
13.81 
13.83 
13.85 
13.87 
13.89 
13.91 
13.93 
13.95 
13.97 
13.99 
14.01 
14.03 
14.05 
14.07 
14.10 
14.12 
14.14 
14.16 
14.18 
14.20 
14.22 
14.24 
14.26 
14.28 
14.31 
14.33 
14.35 
14.37 
14.39 
14.41 
14.43 
14.45 
14.48 
14.50 
14.52 
14.54 
14.56 
14.58 
14.60 
14.62 
14.65 
14.67 
14.69 
14.71 
14.73 
14.75 
14.78 
14.80 
14.82 
14.84 
14.86 
14.88 
14.91 
14.93 
14.95 
14.97 
14.99 
15.01 
15.04 
15.06 
15.08 
15.10 
15.12 
15.15 
15.17 
15.19 
15.21 
15.23 
15.25 
15.28 
15.30 
15.32 
15.34 
15.36 
15.39 
15.41 
15.43 
15.45 
15.48 
15.50 
15.52 
15.54 
15.56 
15.59 
15.61 
15.63 
15.65 
15.67 
15.70 
15.72 
15.74 
15.76 
15.79 
15.81 
15.83 
15.85 
15.87 
15.90 
15.92 
15.94 
15.96 
15.99 
16.01 
16.03 
16.05 
16.08 
16.10 
16.12 
16.14 
16.16 
16.19 
16.21 
16.23 
16.25 
16.28 
16.30 
16.32 
16.34 
16.37 
16.39 
16.41 
16.43 
16.46 
16.48 
16.50 
16.52 
16.55 
16.57 
16.59 
16.61 
16.64 
16.66 
16.68 
16.70 
16.73 
16.75 
16.77 
16.79 
16.82 
16.84 
16.86 
16.88 
16.91 
16.93 
16.95 
16.97 
17.00 
17.02 
17.04 
17.06 
17.09 
17.11 
17.13 
17.15 
17.18 
17.20 
17.22 
17.24 
17.26 
17.29 
17.31 
17.33 
17.35 
17.38 
17.40 
17.42 
17.44 
17.47 
17.49 
17.51 
17.53 
17.56 
17.58 
17.60 
17.62 
17.65 
17.67 
17.69 
17.71 
17.73 
17.76 
17.78 
17.80 
17.82 
17.85 
17.87 
17.89 
17.91 
17.94 
17.96 
17.98 
18.00 
18.02 
18.05 
18.07 
18.09 
18.11 
18.13 
18.16 
18.18 
18.20 
18.22 
18.25 
18.27 
18.29 
18.31 
18.33 
18.36 
18.38 
18.40 
18.42 
18.44 
18.47 
18.49 
18.51 
18.53 
18.55 
18.57 
18.60 
18.62 
18.64 
18.66 
18.68 
18.71 
18.73 
18.75 
18.77 
18.79 
18.81 
18.84 
18.86 
18.88 
18.90 
18.92 
18.94 
18.97 
18.99 
19.01 
19.03 
19.05 
19.07 
19.09 
19.12 
19.14 
19.16 
19.18 
19.20 
19.22 
19.24 
19.26 
19.29 
19.31 
19.33 
19.35 
19.37 
19.39 
19.41 
19.43 
19.46 
19.48 
19.50 
19.52 
19.54 
19.56 
19.58 
19.60 
19.62 
19.64 
19.66 
19.68 
19.71 
19.73 
19.75 
19.77 
19.79 
19.81 
19.83 
19.85 
19.87 
19.89 
19.91 
19.93 
19.95 
19.97 
19.99 
20.01 
20.03 
20.05 
20.07 
20.09 
20.11 
20.13 
20.15 
20.17 
20.19 
20.21 
20.23 
20.25 
20.27 
20.29 
20.31 
20.33 
20.35 
20.37 
20.39 
20.41 
20.43 
20.45 
20.47 
20.49 
20.51 
20.53 
20.55 
20.57 
20.59 
20.61 
20.63 
20.65 
20.67 
20.69 
20.70 
20.72 
20.74 
20.76 
20.78 
20.80 
20.82 
20.84 
20.86 
20.87 
20.89 
20.91 
20.93 
20.95 
20.97 
20.99 
21.01 
21.02 
21.04 
21.06 
21.08 
21.10 
21.12 
21.13 
21.15 
21.17 
21.19 
21.21 
21.22 
21.24 
21.26 
21.28 
21.30 
21.31 
21.33 
21.35 
21.37 
21.39 
21.40 
21.42 
21.44 
21.46 
21.47 
21.49 
21.51 
21.52 
21.54 
21.56 
21.58 
21.59 
21.61 
21.63 
21.64 
21.66 
21.68 
21.70 
21.71 
21.73 
21.75 
21.76 
21.78 
21.79 
21.81 
21.83 
21.84 
21.86 
21.88 
21.89 
21.91 
21.93 
21.94 
21.96 
21.97 
21.99 
22.01 
22.02 
22.04 
22.05 
22.07 
22.08 
22.10 
22.11 
22.13 
22.15 
22.16 
22.18 
22.19 
22.21 
22.22 
22.24 
22.25 
22.27 
22.28 
22.30 
22.31 
22.33 
22.34 
22.36 
22.37 
22.38 
22.40 
22.41 
22.43 
22.44 
22.46 
22.47 
22.48 
22.50 
22.51 
22.53 
22.54 
22.55 
22.57 
22.58 
22.60 
22.61 
22.62 
22.64 
22.65 
22.66 
22.68 
22.69 
22.70 
22.72 
22.73 
22.74 
22.75 
22.77 
22.78 
22.79 
22.80 
22.82 
22.83 
22.84 
22.85 
22.87 
22.88 
22.89 
22.90 
22.92 
22.93 
22.94 
22.95 
22.96 
22.98 
22.99 
23.00 
23.01 
23.02 
23.03 
23.04 
23.06 
23.07 
23.08 
23.09 
23.10 
23.11 
23.12 
23.13 
23.14 
23.15 
23.16 
23.17 
23.19 
23.20 
23.21 
23.22 
23.23 
23.24 
23.25 
23.26 
23.27 
23.28 
23.29 
23.30 
23.31 
23.31 
23.32 
23.33 
23.34 
23.35 
23.36 
23.37 
23.38 
23.39 
23.40 
23.41 
23.41 
23.42 
23.43 
23.44 
23.45 
23.46 
23.47 
23.47 
23.48 
23.49 
23.50 
23.51 
23.51 
23.52 
23.53 
23.54 
23.54 
23.55 
23.56 
23.57 
23.57 
23.58 
23.59 
23.60 
23.60 
23.61 
23.62 
23.62 
23.63 
23.64 
23.64 
23.65 
23.66 
23.66 
23.67 
23.68 
23.68 
23.69 
23.69 
23.70 
23.71 
23.71 
23.72 
23.72 
23.73 
23.73 
23.74 
23.75 
23.75 
23.76 
23.76 
23.77 
23.77 
23.78 
23.78 
23.79 
23.79 
23.80 
23.80 
23.81 
23.81 
23.82 
23.82 
23.82 
23.83 
23.83 
23.84 
23.84 
23.85 
23.85 
23.85 
23.86 
23.86 
23.87 
23.87 
23.87 
23.88 
23.88 
23.88 
23.89 
23.89 
23.89 
23.90 
23.90 
23.90 
23.91 
23.91 
23.91 
23.92 
23.92 
23.92 
23.92 
23.93 
23.93 
23.93 
23.93 
23.94 
23.94 
23.94 
23.94 
23.95 
23.95 
23.95 
23.95 
23.95 
23.96 
23.96 
23.96 
23.96 
23.96 
23.97 
23.97 
23.97 
23.97 
23.97 
23.97 
23.97 
23.98 
23.98 
23.98 
23.98 
23.98 
23.98 
23.98 
23.98 
23.98 
23.98 
23.99 
23.99 
23.99 
23.99 
23.99 
23.99 
23.99 
23.99 
23.99 
23.99 
23.99 
23.99 
23.99 
23.99 
23.99 
23.99 
23.99 
23.99 
23.99 
23.99 
23.99 
23.99 
23.99 
23.99 
23.99 
23.99 
23.99 
23.99 
23.98 
23.98 
23.98 
23.98 
23.98 
23.98 
23.98 
23.98 
23.98 
23.98 
23.97 
23.97 
23.97 
23.97 
23.97 
23.97 
23.97 
23.97 
23.96 
23.96 
23.96 
23.96 
23.96 
23.95 
23.95 
23.95 
23.95 
23.95 
23.95 
23.94 
23.94 
23.94 
23.94 
23.93 
23.93 
23.93 
23.93 
23.92 
23.92 
23.92 
23.92 
23.91 
23.91 
23.91 
23.91 
23.90 
23.90 
23.90 
23.89 
23.89 
23.89 
23.89 
23.88 
23.88 
23.88 
23.87 
23.87 
23.87 
23.86 
23.86 
23.86 
23.85 
23.85 
23.85 
23.84 
23.84 
23.83 
23.83 
23.83 
23.82 
23.82 
23.82 
23.81 
23.81 
23.80 
23.80 
23.80 
23.79 
23.79 
23.78 
23.78 
23.77 
23.77 
23.77 
23.76 
23.76 
23.75 
23.75 
23.74 
23.74 
23.73 
23.73 
23.73 
23.72 
23.72 
23.71 
23.71 
23.70 
23.70 
23.69 
23.69 
23.68 
23.68 
23.67 
23.67 
23.66 
23.66 
23.65 
23.65 
23.64 
23.64 
23.63 
23.62 
23.62 
23.61 
23.61 
23.60 
23.60 
23.59 
23.59 
23.58 
23.57 
23.57 
23.56 
23.56 
23.55 
23.55 
23.54 
23.53 
23.53 
23.52 
23.52 
23.51 
23.50 
23.50 
23.49 
23.49 
23.48 
23.47 
23.47 
23.46 
23.45 
23.45 
23.44 
23.44 
23.43 
23.42 
23.42 
23.41 
23.40 
23.40 
23.39 
23.38 
23.38 
23.37 
23.36 
23.36 
23.35 
23.34 
23.34 
23.33 
23.32 
23.32 
23.31 
23.30 
23.30 
23.29 
23.28 
23.27 
23.27 
23.26 
23.25 
23.25 
23.24 
23.23 
23.22 
23.22 
23.21 
23.20 
23.20 
23.19 
23.18 
23.17 
23.17 
23.16 
23.15 
23.14 
23.14 
23.13 
23.12 
23.11 
23.11 
23.10 
23.09 
23.08 
23.08 
23.07 
23.06 
23.05 
23.04 
23.04 
23.03 
23.02 
23.01 
23.01 
23.00 
22.99 
22.98 
22.97 
22.97 
22.96 
22.95 
22.94 
22.93 
22.93 
22.92 
22.91 
22.90 
22.89 
22.89 
22.88 
22.87 
22.86 
22.85 
22.84 
22.84 
22.83 
22.82 
22.81 
22.80 
22.79 
22.79 
22.78 
22.77 
22.76 
22.75 
22.74 
22.74 
22.73 
22.72 
22.71 
22.70 
22.69 
22.69 
22.68 
22.67 
22.66 
22.65 
22.64 
22.63 
22.62 
22.62 
22.61 
22.60 
22.59 
22.58 
22.57 
22.56 
22.56 
22.55 
22.54 
22.53 
22.52 
22.51 
22.50 
22.49 
22.49 
22.48 
22.47 
22.46 
22.45 
22.44 
22.43 
22.42 
22.41 
22.41 
22.40 
22.39 
22.38 
22.37 
22.36 
22.35 
22.34 
22.33 
22.32 
22.32 
22.31 
22.30 
22.29 
22.28 
22.27 
22.26 
22.25 
22.24 
22.23 
22.22 
22.22 
22.21 
22.20 
22.19 
22.18 
22.17 
22.16 
22.15 
22.14 
22.13 
22.12 
22.11 
22.11 
22.10 
22.09 
22.08 
22.07 
22.06 
22.05 
22.04 
22.03 
22.02 
22.01 
22.00 
22.00 
21.99 
21.98 
21.97 
21.96 
21.95 
21.94 
21.93 
21.92 
21.91 
21.90 
21.89 
21.88 
21.87 
21.87 
21.86 
21.85 
21.84 
21.83 
21.82 
21.81 
21.80 
21.79 
21.78 
21.77 
21.76 
21.75 
21.75 
21.74 
21.73 
21.72 
21.71 
21.70 
21.69 
21.68 
21.67 
21.66 
21.65 
21.64 
21.63 
21.62 
21.62 
21.61 
21.60 
21.59 
21.58 
21.57 
21.56 
21.55 
21.54 
21.53 
21.52 
21.51 
21.50 
21.50 
21.49 
21.48 
21.47 
21.46 
21.45 
21.44 
21.43 
21.42 
21.41 
21.40 
21.39 
21.38 
21.38 
21.37 
21.36 
21.35 
21.34 
21.33 
21.32 
21.31 
21.30 
21.29 
21.28 
21.28 
21.27 
21.26 
21.25 
21.24 
21.23 
21.22 
21.21 
21.20 
21.19 
21.19 
21.18 
21.17 
21.16 
21.15 
21.14 
21.13 
21.12 
21.11 
21.10 
21.10 
21.09 
21.08 
21.07 
21.06 
21.05 
21.04 
21.03 
21.03 
21.02 
21.01 
21.00 
20.99 
20.98 
20.97 
20.96 
20.96 
20.95 
20.94 
20.93 
20.92 
20.91 
20.90 
20.89 
20.89 
20.88 
20.87 
20.86 
20.85 
20.84 
20.83 
20.83 
20.82 
20.81 
20.80 
20.79 
20.78 
20.78 
20.77 
20.76 
20.75 
20.74 
20.73 
20.73 
20.72 
20.71 
20.70 
20.69 
20.68 
20.68 
20.67 
20.66 
20.65 
20.64 
20.64 
20.63 
20.62 
20.61 
20.60 
20.59 
20.59 
20.58 
20.57 
20.56 
20.55 
20.55 
20.54 
20.53 
20.52 
20.52 
20.51 
20.50 
20.49 
20.48 
20.48 
20.47 
20.46 
20.45 
20.45 
20.44 
20.43 
20.42 
20.42 
20.41 
20.40 
20.39 
20.39 
20.38 
20.37 
20.36 
20.36 
20.35 
20.34 
20.33 
20.33 
20.32 
20.31 
20.31 
20.30 
20.29 
20.28 
20.28 
20.27 
20.26 
20.26 
20.25 
20.24 
20.23 
20.23 
20.22 
20.21 
20.21 
20.20 
20.19 
20.19 
20.18 
20.17 
20.17 
20.16 
20.15 
20.15 
20.14 
20.13 
20.13 
20.12 
20.11 
20.11 
20.10 
20.10 
20.09 
20.08 
20.08 
20.07 
20.06 
20.06 
20.05 
20.05 
20.04 
20.03 
20.03 
20.02 
20.02 
20.01 
20.00 
20.00 
19.99 
19.99 
19.98 
19.97 
19.97 
19.96 
19.96 
19.95 
19.95 
19.94 
19.93 
19.93 
19.92 
19.92 
19.91 
19.91 
19.90 
19.90 
19.89 
19.89 
19.88 
19.88 
19.87 
19.87 
19.86 
19.85 
19.85 
19.84 
19.84 
19.83 
19.83 
19.82 
19.82 
19.82 
19.81 
19.81 
19.80 
19.80 
19.79 
19.79 
19.78 
19.78 
19.77 
19.77 
19.76 
19.76 
19.75 
19.75 
19.75 
19.74 
19.74 
19.73 
19.73 
19.72 
19.72 
19.71 
19.71 
19.71 
19.70 
19.70 
19.69 
19.69 
19.69 
19.68 
19.68 
19.67 
19.67 
19.67 
19.66 
19.66 
19.65 
19.65 
19.65 
19.64 
19.64 
19.63 
19.63 
19.63 
19.62 
19.62 
19.62 
19.61 
19.61 
19.61 
19.60 
19.60 
19.59 
19.59 
19.59 
19.58 
19.58 
19.58 
19.57 
19.57 
19.57 
19.56 
19.56 
19.56 
19.56 
19.55 
19.55 
19.55 
19.54 
19.54 
19.54 
19.53 
19.53 
19.53 
19.52 
19.52 
19.52 
19.52 
19.51 
19.51 
19.51 
19.50 
19.50 
19.50 
19.50 
19.49 
19.49 
19.49 
19.49 
19.48 
19.48 
19.48 
19.48 
19.47 
19.47 
19.47 
19.47 
19.46 
19.46 
19.46 
19.46 
19.45 
19.45 
19.45 
19.45 
19.45 
19.44 
19.44 
19.44 
19.44 
19.44 
19.43 
19.43 
19.43 
19.43 
19.42 
19.42 
19.42 
19.42 
19.42 
19.42 
19.41 
19.41 
19.41 
19.41 
19.41 
19.40 
19.40 
19.40 
19.40 
19.40 
19.40 
19.39 
19.39 
19.39 
19.39 
19.39 
19.39 
19.39 
19.38 
19.38 
19.38 
19.38 
19.38 
19.38 
19.38 
19.37 
19.37 
19.37 
19.37 
19.37 
19.37 
19.37 
19.37 
19.36 
19.36 
19.36 
19.36 
19.36 
19.36 
19.36 
19.36 
19.36 
19.35 
19.35 
19.35 
19.35 
19.35 
19.35 
19.35 
19.35 
19.35 
19.35 
19.35 
19.34 
19.34 
19.34 
19.34 
19.34 
19.34 
19.34 
19.34 
19.34 
19.34 
19.34 
19.34 
19.34 
19.34 
19.34 
19.33 
19.33 
19.33 
19.33 
19.33 
19.33 
19.33 
19.33 
19.33 
19.33 
19.33 
19.33 
19.33 
19.33 
19.33 
19.33 
19.33 
19.33 
19.33 
19.33 
19.33 
19.33 
19.33 
19.33 
19.33 
19.33 
19.33 
19.33 
19.33 
19.33 
19.33 
19.33 
19.33 
19.33 
19.33 
19.33 
19.33 
19.33 
19.33 
19.33 
19.33 
19.33 
19.33 
19.33 
19.33 
19.33 
19.33 
19.33 
19.33 
19.33 
19.33 
19.33 
19.33 
19.33 
19.33 
19.33 
19.33 
19.33 
19.33 
19.33 
19.33 
19.33 
19.34 
19.34 
19.34 
19.34 
19.34 
19.34 
19.34 
19.34 
19.34 
19.34 
19.34 
19.34 
19.34 
19.34 
19.34 
19.34 
19.34 
19.35 
19.35 
19.35 
19.35 
19.35 
19.35 
19.35 
19.35 
19.35 
19.35 
19.35 
19.35 
19.35 
19.36 
19.36 
19.36 
19.36 
19.36 
19.36 
19.36 
19.36 
19.36 
19.36 
19.37 
19.37 
19.37 
19.37 
19.37 
19.37 
19.37 
19.37 
19.37 
19.37 
19.38 
19.38 
19.38 
19.38 
19.38 
19.38 
19.38 
19.38 
19.39 
19.39 
19.39 
19.39 
19.39 
19.39 
19.39 
19.39 
19.40 
19.40 
19.40 
19.40 
19.40 
19.40 
19.40 
19.40 
19.41 
19.41 
19.41 
19.41 
19.41 
19.41 
19.41 
19.42 
19.42 
19.42 
19.42 
19.42 
19.42 
19.42 
19.43 
19.43 
19.43 
19.43 
19.43 
19.43 
19.44 
19.44 
19.44 
19.44 
19.44 
19.44 
19.45 
19.45 
19.45 
19.45 
19.45 
19.45 
19.46 
19.46 
19.46 
19.46 
19.46 
19.46 
19.47 
19.47 
19.47 
19.47 
19.47 
19.47 
19.48 
19.48 
19.48 
19.48 
19.48 
19.48 
19.49 
19.49 
19.49 
19.49 
19.49 
19.50 
19.50 
19.50 
19.50 
19.50 
19.51 
19.51 
19.51 
19.51 
19.51 
19.51 
19.52 
19.52 
19.52 
19.52 
19.52 
19.53 
19.53 
19.53 
19.53 
19.53 
19.54 
19.54 
19.54 
19.54 
19.54 
19.55 
19.55 
19.55 
19.55 
19.55 
19.56 
19.56 
19.56 
19.56 
19.56 
19.57 
19.57 
19.57 
19.57 
19.58 
19.58 
19.58 
19.58 
19.58 
19.59 
19.59 
19.59 
19.59 
19.59 
19.60 
19.60 
19.60 
19.60 
19.61 
19.61 
19.61 
19.61 
19.61 
19.62 
19.62 
19.62 
19.62 
19.62 
19.63 
19.63 
19.63 
19.63 
19.64 
19.64 
19.64 
19.64 
19.64 
19.65 
19.65 
19.65 
19.65 
19.66 
19.66 
19.66 
19.66 
19.66 
19.67 
19.67 
19.67 
19.67 
19.68 
19.68 
19.68 
19.68 
19.68 
19.69 
19.69 
19.69 
19.69 
19.70 
19.70 
19.70 
19.70 
19.71 
19.71 
19.71 
19.71 
19.71 
19.72 
19.72 
19.72 
19.72 
19.73 
19.73 
19.73 
19.73 
19.74 
19.74 
19.74 
19.74 
19.74 
19.75 
19.75 
19.75 
19.75 
19.76 
19.76 
19.76 
19.76 
19.77 
19.77 
19.77 
19.77 
19.77 
19.78 
19.78 
19.78 
19.78 
19.79 
19.79 
19.79 
19.79 
19.80 
19.80 
19.80 
19.80 
19.80 
19.81 
19.81 
19.81 
19.81 
19.82 
19.82 
19.82 
19.82 
19.83 
19.83 
19.83 
19.83 
19.83 
19.84 
19.84 
19.84 
19.84 
19.85 
19.85 
19.85 
19.85 
19.85 
19.86 
19.86 
19.86 
19.86 
19.87 
19.87 
19.87 
19.87 
19.88 
19.88 
19.88 
19.88 
19.88 
19.89 
19.89 
19.89 
19.89 
19.90 
19.90 
19.90 
19.90 
19.90 
19.91 
19.91 
19.91 
19.91 
19.92 
19.92 
19.92 
19.92 
19.92 
19.93 
19.93 
19.93 
19.93 
19.94 
19.94 
19.94 
19.94 
19.94 
19.95 
19.95 
19.95 
19.95 
19.95 
19.96 
19.96 
19.96 
19.96 
19.96 
19.97 
19.97 
19.97 
19.97 
19.98 
19.98 
19.98 
19.98 
19.98 
19.99 
19.99 
19.99 
19.99 
19.99 
20.00 
20.00 
20.00 
20.00 
20.00 
20.01 
20.01 
20.01 
20.01 
20.01 
20.02 
20.02 
20.02 
20.02 
20.02 
20.03 
20.03 
20.03 
20.03 
20.03 
20.04 
20.04 
20.04 
20.04 
20.04 
20.04 
20.05 
20.05 
20.05 
20.05 
20.05 
20.06 
20.06 
20.06 
20.06 
20.06 
20.06 
20.07 
20.07 
20.07 
20.07 
20.07 
20.08 
20.08 
20.08 
20.08 
20.08 
20.08 
20.09 
20.09 
20.09 
20.09 
20.09 
20.09 
20.10 
20.10 
20.10 
20.10 
20.10 
20.10 
20.11 
20.11 
20.11 
20.11 
20.11 
20.11 
20.11 
20.12 
20.12 
20.12 
20.12 
20.12 
20.12 
20.13 
20.13 
20.13 
20.13 
20.13 
20.13 
20.13 
20.14 
20.14 
20.14 
20.14 
20.14 
20.14 
20.14 
20.14 
20.15 
20.15 
20.15 
20.15 
20.15 
20.15 
20.15 
20.15 
20.16 
20.16 
20.16 
20.16 
20.16 
20.16 
20.16 
20.16 
20.17 
20.17 
20.17 
20.17 
20.17 
20.17 
20.17 
20.17 
20.17 
20.18 
20.18 
20.18 
20.18 
20.18 
20.18 
20.18 
20.18 
20.18 
20.18 
20.19 
20.19 
20.19 
20.19 
20.19 
20.19 
20.19 
20.19 
20.19 
20.19 
20.19 
20.19 
20.20 
20.20 
20.20 
20.20 
20.20 
20.20 
20.20 
20.20 
20.20 
20.20 
20.20 
20.20 
20.20 
20.20 
20.20 
20.20 
20.21 
20.21 
20.21 
20.21 
20.21 
20.21 
20.21 
20.21 
20.21 
20.21 
20.21 
20.21 
20.21 
20.21 
20.21 
20.21 
20.21 
20.21 
20.21 
20.21 
20.21 
20.21 
20.21 
20.21 
20.21 
20.22 
20.22 
20.22 
20.22 
20.22 
20.22 
20.22 
20.22 
20.22 
20.22 
20.22 
20.22 
20.22 
20.22 
20.22 
20.22 
20.22 
20.22 
20.22 
20.22 
20.22 
20.22 
20.22 
20.22 
20.22 
20.22 
20.22 
20.22 
20.22 
20.22 
20.22 
20.22 
20.22 
20.22 
20.22 
20.22 
20.22 
20.22 
20.22 
20.22 
20.22 
20.22 
20.22 
20.21 
20.21 
20.21 
20.21 
20.21 
20.21 
20.21 
20.21 
20.21 
20.21 
20.21 
20.21 
20.21 
20.21 
20.21 
20.21 
20.21 
20.21 
20.21 
20.21 
20.21 
20.21 
20.21 
20.21 
20.21 
20.21 
20.21 
20.21 
20.20 
20.20 
20.20 
20.20 
20.20 
20.20 
20.20 
20.20 
20.20 
20.20 
20.20 
20.20 
20.20 
20.20 
20.20 
20.20 
20.20 
20.20 
20.20 
20.19 
20.19 
20.19 
20.19 
20.19 
20.19 
20.19 
20.19 
20.19 
20.19 
20.19 
20.19 
20.19 
20.19 
20.18 
20.18 
20.18 
20.18 
20.18 
20.18 
20.18 
20.18 
20.18 
20.18 
20.18 
20.18 
20.18 
20.18 
20.17 
20.17 
20.17 
20.17 
20.17 
20.17 
20.17 
20.17 
20.17 
20.17 
20.17 
20.17 
20.16 
20.16 
20.16 
20.16 
20.16 
20.16 
20.16 
20.16 
20.16 
20.16 
20.16 
20.15 
20.15 
20.15 
20.15 
20.15 
20.15 
20.15 
20.15 
20.15 
20.15 
20.14 
20.14 
20.14 
20.14 
20.14 
20.14 
20.14 
20.14 
20.14 
20.14 
20.13 
20.13 
20.13 
20.13 
20.13 
20.13 
20.13 
20.13 
20.13 
20.13 
20.12 
20.12 
20.12 
20.12 
20.12 
20.12 
20.12 
20.12 
20.12 
20.12 
20.11 
20.11 
20.11 
20.11 
20.11 
20.11 
20.11 
20.11 
20.11 
20.10 
20.10 
20.10 
20.10 
20.10 
20.10 
20.10 
20.10 
20.10 
20.09 
20.09 
20.09 
20.09 
20.09 
20.09 
20.09 
20.09 
20.09 
20.08 
20.08 
20.08 
20.08 
20.08 
20.08 
20.08 
20.08 
20.08 
20.07 
20.07 
20.07 
20.07 
20.07 
20.07 
20.07 
20.07 
20.06 
20.06 
20.06 
20.06 
20.06 
20.06 
20.06 
20.06 
20.06 
20.05 
20.05 
20.05 
20.05 
20.05 
20.05 
20.05 
20.05 
20.05 
20.04 
20.04 
20.04 
20.04 
20.04 
20.04 
20.04 
20.04 
20.04 
20.03 
20.03 
20.03 
20.03 
20.03 
20.03 
20.03 
20.03 
20.03 
20.02 
20.02 
20.02 
20.02 
20.02 
20.02 
20.02 
20.02 
20.02 
20.01 
20.01 
20.01 
20.01 
20.01 
20.01 
20.01 
20.01 
20.01 
20.00 
20.00 
20.00 
20.00 
20.00 
20.00 
20.00 
20.00 
20.00 
19.99 
19.99 
19.99 
19.99 
19.99 
19.99 
19.99 
19.99 
19.99 
19.98 
19.98 
19.98 
19.98 
19.98 
19.98 
19.98 
19.98 
19.98 
19.98 
19.97 
19.97 
19.97 
19.97 
19.97 
19.97 
19.97 
19.97 
19.97 
19.97 
19.96 
19.96 
19.96 
19.96 
19.96 
19.96 
19.96 
19.96 
19.96 
19.96 
19.96 
19.95 
19.95 
19.95 
19.95 
19.95 
19.95 
19.95 
19.95 
19.95 
19.95 
19.95 
19.94 
19.94 
19.94 
19.94 
19.94 
19.94 
19.94 
19.94 
19.94 
19.94 
19.94 
19.94 
19.93 
19.93 
19.93 
19.93 
19.93 
19.93 
19.93 
19.93 
19.93 
19.93 
19.93 
19.93 
19.93 
19.93 
19.92 
19.92 
19.92 
19.92 
19.92 
19.92 
19.92 
19.92 
19.92 
19.92 
19.92 
19.92 
19.92 
19.92 
19.92 
19.91 
19.91 
19.91 
19.91 
19.91 
19.91 
19.91 
19.91 
19.91 
19.91 
19.91 
19.91 
19.91 
19.91 
19.91 
19.91 
19.91 
19.91 
23.10 
23.10 
23.10 
23.10 
23.10 
23.10 
23.10 
23.10 
23.10 
23.10 
23.10 
23.10 
23.10 
23.10 
23.10 
23.10 
23.10 
23.10 
22.90 
23.10 
23.20 
23.20 
23.20 
23.20 
23.30 
23.30 
23.30 
23.40 
23.40 
23.50 
23.40 
23.60 
24.70 
25.40 
25.90 
26.10 
26.20 
26.30 
26.40 
26.40 
26.50 
26.40 
26.40 
26.50 
26.50 
26.50 
26.50 
26.50 
26.50 
26.50 
26.50 
26.50 
26.50 
26.50 
26.60 
26.50 
26.50 
26.50 
26.50 
26.50 
26.50 
26.50 
26.70 
26.70 
26.80 
26.90 
26.90 
26.90 
26.90 
26.90 
26.90 
27.00 
26.80 
26.90 
26.90 
27.00 
26.90 
26.90 
26.90 
26.90 
26.90 
26.90 
27.00 
26.80 
26.80 
26.70 
26.70 
26.80 
26.70 
26.60 
26.70 
28.00 
31.60 
30.80 
30.40 
30.20 
30.00 
29.80 
29.60 
29.50 
29.40 
29.40 
29.80 
29.70 
29.60 
29.50 
29.40 
29.30 
29.20 
29.10 
29.00 
28.90 
28.80 
28.70 
29.50 
30.70 
30.60 
30.10 
29.80 
29.60 
29.40 
29.30 
29.20 
29.10 
29.10 
34.90 
32.80 
31.70 
31.30 
31.00 
30.70 
30.40 
30.30 
30.10 
29.90 
29.80 
29.80 
29.50 
29.40 
29.30 
29.40 
29.30 
29.20 
29.10 
29.00 
29.00 
29.00 
29.00 
29.70 
29.90 
31.80 
30.60 
30.20 
29.80 
29.80 
29.40 
29.30 
29.30 
29.10 
29.10 
29.10 
32.40 
31.10 
30.60 
30.20 
30.30 
30.20 
30.00 
29.80 
29.70 
29.60 
29.50 
29.40 
29.30 
29.30 
29.20 
29.20 
29.10 
29.10 
29.00 
28.90 
28.90 
28.90 
28.70 
28.80 
28.60 
28.50 
28.50 
28.50 
28.40 
28.50 
28.50 
28.50 
28.40 
28.40 
28.40 
28.30 
28.20 
28.20 
28.20 
28.20 
28.20 
28.10 
28.10 
28.10 
28.00 
28.10 
28.00 
28.10 
27.90 
28.00 
28.00 
27.90 
27.90 
27.90 
27.90 
27.80 
27.90 
27.80 
27.80 
27.80 
27.80 
27.80 
27.80 
27.80 
27.90 
27.90 
28.00 
28.40 
28.40 
28.40 
29.30 
29.70 
29.40 
29.10 
28.90 
28.80 
27.60 
27.20 
27.20 
27.10 
27.10 
27.00 
27.00 
27.00 
27.00 
27.00 
26.90 
26.90 
26.90 
26.90 
26.90 
27.00 
27.00 
26.90 
26.90 
26.90 
26.90 
26.50 
26.70 
26.50 
26.40 
26.40 
26.70 
26.60 
26.70 
26.70 
26.60 
26.60 
26.60 
26.60 
26.50 
26.50 
26.50 
26.50 
26.50 
26.40 
26.40 
26.60 
26.30 
26.40 
26.20 
26.20 
26.30 
26.20 
26.10 
26.20 
26.20 
26.20 
26.00 
25.80 
25.90 
25.80 
25.90 
25.80 
25.80 
25.80 
25.70 
25.70 
25.70 
25.70 
25.80 
25.70 
25.70 
25.70 
25.50 
25.60 
25.60 
25.60 
25.50 
25.50 
25.50 
25.60 
25.50 
25.50 
25.50 
25.50 
25.50 
25.50 
25.40 
25.40 
25.40 
25.40 
25.40 
25.40 
25.40 
25.30 
25.20 
25.20 
25.20 
25.20 
25.20 
25.20 
25.20 
25.30 
25.20 
25.20 
25.20 
25.10 
25.10 
25.10 
25.00 
25.10 
25.00 
25.10 
25.00 
25.00 
25.00 
24.90 
25.00 
25.00 
24.80 
25.00 
24.90 
24.80 
24.90 
24.80 
24.80 
24.80 
24.70 
24.90 
24.80 
24.70 
24.70 
24.60 
24.70 
24.50 
24.50 
24.60 
24.60 
24.50 
24.60 
24.40 
24.50 
24.50 
24.50 
24.50 
24.40 
24.40 
24.30 
24.30 
24.40 
24.70 
24.40 
24.40 
25.10 
24.50 
24.60 
24.50 
24.60 
24.60 
24.60 
24.60 
24.70 
24.70 
24.60 
24.60 
24.70 
24.60 
24.60 
24.60 
24.70 
24.60 
24.70 
24.60 
24.60 
24.70 
24.60 
24.60 
24.60 
24.60 
24.60 
24.60 
24.60 
24.50 
24.50 
24.50 
24.50 
24.50 
24.50 
24.60 
24.50 
24.40 
24.40 
24.50 
24.40 
24.30 
24.40 
24.40 
24.30 
24.40 
24.40 
24.30 
24.20 
24.30 
24.30 
24.20 
24.30 
24.20 
24.30 
24.20 
24.20 
24.20 
24.10 
24.10 
24.10 
24.10 
24.20 
24.10 
27.40 
26.90 
26.80 
26.50 
26.30 
26.20 
26.10 
26.10 
26.00 
25.90 
25.90 
25.90 
25.90 
25.80 
25.80 
25.80 
25.70 
25.70 
25.70 
25.70 
25.70 
25.60 
25.60 
25.60 
25.50 
25.60 
25.50 
25.60 
25.50 
25.50 
25.60 
25.50 
25.50 
25.60 
25.50 
25.50 
25.50 
25.50 
25.50 
25.50 
25.50 
25.50 
25.40 
25.40 
25.40 
25.40 
25.50 
25.40 
25.40 
25.40 
25.50 
25.60 
25.70 
25.70 
25.70 
25.70 
25.70 
25.70 
25.70 
25.70 
25.70 
25.60 
25.60 
25.60 
25.60 
25.60 
25.60 
28.00 
27.60 
27.10 
26.80 
26.60 
26.50 
26.40 
26.30 
26.30 
26.20 
26.20 
26.10 
26.10 
26.10 
26.00 
26.10 
26.00 
26.00 
26.00 
26.00 
25.90 
25.90 
25.90 
25.90 
25.90 
25.90 
25.80 
25.80 
25.80 
25.80 
25.80 
25.70 
25.70 
25.70 
25.70 
25.70 
25.70 
25.60 
25.60 
25.70 
25.60 
25.60 
25.60 
25.60 
25.60 
25.50 
25.50 
25.50 
25.50 
25.50 
25.50 
25.50 
25.50 
25.50 
25.60 
25.60 
25.60 
25.60 
25.70 
25.70 
25.70 
25.60 
25.70 
25.70 
26.00 
25.90 
25.80 
25.80 
26.00 
25.90 
25.90 
25.90 
25.70 
25.70 
25.80 
25.80 
25.50 
25.50 
25.40 
25.40 
25.50 
25.50 
25.50 
25.40 
25.40 
25.40 
25.40 
25.40 
25.40 
25.40 
25.40 
25.30 
25.30 
25.30 
25.30 
25.30 
25.30 
25.30 
25.30 
25.30 
25.20 
25.30 
25.20 
25.20 
25.20 
25.20 
25.20 
25.20 
25.10 
25.10 
25.20 
25.10 
25.10 
25.10 
25.10 
25.10 
25.10 
25.10 
25.10 
25.00 
26.20 
26.10 
25.90 
25.80 
25.80 
25.70 
25.60 
25.70 
25.60 
25.70 
25.50 
25.60 
25.60 
25.60 
25.50 
25.50 
25.50 
25.50 
25.50 
25.50 
25.50 
25.50 
25.70 
25.60 
25.60 
25.70 
26.70 
28.10 
27.70 
27.40 
27.10 
27.00 
26.90 
26.80 
26.70 
26.60 
26.60 
26.60 
26.50 
26.50 
26.50 
26.40 
26.40 
26.40 
26.40 
26.40 
26.30 
26.30 
26.70 
27.30 
27.30 
27.70 
27.60 
28.20 
28.00 
27.60 
32.90 
29.00 
28.20 
28.00 
28.00 
27.70 
27.60 
27.40 
27.30 
27.20 
27.10 
27.00 
27.00 
27.00 
26.90 
26.90 
26.80 
26.80 
26.70 
26.70 
26.60 
26.60 
26.60 
26.60 
26.50 
26.50 
26.40 
26.40 
26.50 
26.40 
26.40 
26.40 
26.40 
26.40 
26.40 
26.40 
26.30 
26.30 
26.30 
26.30 
26.20 
26.20 
26.20 
26.20 
26.10 
26.10 
26.10 
26.10 
26.10 
26.10 
26.00 
26.00 
26.10 
26.00 
26.00 
26.00 
25.90 
26.00 
25.90 
26.00 
25.90 
25.90 
25.90 
25.90 
25.90 
25.80 
25.80 
25.80 
25.80 
25.80 
25.80 
25.70 
25.80 
25.70 
25.70 
25.70 
25.70 
25.60 
25.60 
25.60 
25.60 
25.60 
25.60 
25.60 
25.60 
25.60 
25.50 
25.50 
25.50 
25.50 
25.40 
25.40 
25.40 
25.30 
25.40 
25.40 
25.30 
25.30 
25.30 
25.30 
25.30 
25.30 
25.30 
25.30 
25.30 
25.30 
25.20 
25.20 
25.20 
25.20 
25.20 
25.10 
25.40 
24.90 
24.90 
24.90 
24.90 
24.90 
24.80 
24.80 
24.80 
24.80 
24.70 
24.80 
24.70 
24.80 
24.80 
24.70 
24.70 
24.70 
24.70 
24.60 
24.60 
24.60 
24.60 
24.50 
24.50 
24.50 
24.50 
24.40 
24.40 
24.40 
24.40 
24.40 
24.30 
28.20 
27.00 
26.60 
26.40 
26.30 
26.20 
26.10 
26.10 
26.00 
25.90 
25.90 
25.90 
25.80 
25.90 
25.80 
25.80 
25.70 
25.70 
25.70 
25.60 
25.60 
25.50 
25.60 
25.50 
25.50 
25.50 
25.50 
25.50 
25.40 
25.40 
25.40 
25.40 
25.40 
25.40 
25.40 
25.40 
25.40 
25.30 
25.30 
25.30 
25.30 
25.30 
25.20 
25.20 
25.20 
25.20 
25.10 
25.20 
25.20 
25.10 
25.10 
25.10 
25.10 
25.20 
25.10 
25.10 
25.10 
25.10 
25.10 
25.10 
25.00 
25.00 
25.00 
25.00 
25.00 
24.90 
24.90 
24.80 
24.90 
24.90 
24.90 
24.80 
24.80 
24.80 
24.80 
24.80 
24.80 
24.80 
24.70 
24.70 
24.70 
24.70 
24.70 
24.70 
24.70 
24.60 
24.60 
24.60 
24.60 
24.60 
24.60 
24.50 
24.50 
24.50 
24.50 
24.50 
24.40 
24.40 
24.50 
24.40 
24.40 
24.40 
24.40 
24.40 
24.40 
24.40 
24.40 
24.40 
24.40 
24.30 
24.40 
24.40 
24.30 
24.30 
24.30 
24.30 
24.20 
24.30 
24.30 
24.30 
24.20 
24.20 
24.20 
24.30 
24.20 
24.20 
24.20 
24.30 
24.20 
24.20 
24.20 
24.20 
24.20 
24.20 
24.10 
24.10 
24.10 
24.00 
24.10 
24.10 
23.90 
23.90 
24.00 
23.90 
23.90 
23.90 
23.90 
23.80 
23.90 
23.90 
23.90 
23.80 
23.80 
23.80 
23.70 
23.80 
23.80 
23.70 
23.70 
23.60 
23.60 
23.50 
23.50 
23.40 
23.40 
23.30 
23.30 
23.30 
26.60 
26.10 
26.00 
25.80 
25.60 
25.50 
25.40 
25.80 
26.40 
26.30 
26.00 
26.50 
28.70 
27.40 
26.80 
26.70 
26.60 
26.40 
26.30 
26.10 
26.00 
25.90 
25.80 
25.70 
25.70 
25.70 
25.60 
25.60 
25.60 
25.60 
25.50 
25.60 
25.50 
25.60 
26.10 
26.40 
26.50 
26.40 
26.20 
26.10 
26.00 
25.90 
26.10 
26.10 
26.10 
26.00 
25.90 
25.80 
25.80 
25.80 
25.70 
25.70 
25.70 
25.60 
25.60 
25.60 
25.60 
25.50 
25.50 
25.50 
25.50 
25.50 
25.40 
25.40 
25.40 
25.30 
25.30 
25.30 
25.20 
25.20 
25.20 
25.20 
25.20 
25.10 
25.20 
25.20 
25.10 
25.10 
25.10 
25.10 
25.10 
25.10 
25.20 
25.10 
25.10 
25.00 
25.00 
25.00 
25.00 
25.00 
24.90 
24.90 
25.00 
24.90 
24.80 
24.90 
24.90 
24.90 
24.90 
24.90 
24.90 
24.90 
25.00 
24.90 
24.90 
24.90 
25.00 
24.90 
24.90 
24.90 
24.90 
24.90 
24.90 
24.80 
24.80 
24.80 
24.70 
24.80 
24.70 
24.70 
24.70 
24.70 
24.70 
24.70 
24.70 
24.60 
24.70 
24.70 
24.60 
24.60 
24.60 
24.60 
24.60 
24.60 
24.50 
24.50 
24.50 
24.50 
24.50 
24.50 
24.70 
24.60 
24.60 
24.50 
24.50 
24.50 
24.40 
24.40 
24.30 
24.40 
24.40 
24.30 
24.40 
24.30 
24.30 
24.30 
24.40 
24.30 
24.30 
24.20 
24.20 
24.10 
24.10 
24.00 
24.10 
23.90 
25.70 
25.80 
25.70 
25.60 
25.50 
25.50 
25.50 
25.40 
25.40 
25.40 
25.40 
25.30 
25.30 
25.30 
25.20 
25.20 
25.20 
25.20 
25.10 
25.00 
25.10 
25.10 
25.00 
24.90 
25.00 
25.00 
25.00 
25.00 
25.00 
25.00 
24.90 
24.90 
24.90 
24.90 
24.90 
24.90 
24.90 
24.90 
24.90 
24.80 
24.80 
24.80 
24.70 
24.70 
24.60 
24.60 
24.50 
24.60 
24.50 
24.50 
24.60 
24.50 
24.50 
24.50 
24.50 
24.50 
24.50 
24.50 
24.50 
24.50 
24.50 
24.50 
24.40 
24.40 
24.40 
24.40 
24.40 
24.30 
24.20 
24.30 
24.30 
25.20 
25.40 
25.40 
25.30 
25.30 
25.30 
25.30 
25.30 
25.30 
25.20 
25.30 
25.20 
25.30 
25.50 
25.60 
25.30 
25.20 
25.20 
25.20 
25.10 
25.10 
25.20 
25.40 
25.60 
25.60 
25.60 
25.50 
25.50 
25.50 
25.50 
30.40 
27.30 
26.70 
26.50 
26.30 
26.20 
26.20 
26.10 
26.10 
26.00 
25.90 
25.90 
25.80 
25.90 
25.90 
26.00 
26.00 
26.00 
25.90 
25.90 
25.90 
25.80 
25.80 
25.80 
25.80 
25.80 
25.80 
25.70 
25.70 
25.70 
25.70 
25.70 
25.80 
26.60 
27.00 
29.10 
27.60 
27.10 
26.80 
26.50 
26.40 
26.30 
26.20 
26.10 
26.10 
26.00 
26.00 
25.90 
25.90 
25.90 
25.80 
25.80 
25.80 
25.80 
25.80 
25.70 
25.70 
25.70 
25.70 
25.70 
25.60 
25.60 
25.60 
25.50 
25.30 
25.40 
25.40 
25.30 
25.30 
25.30 
25.30 
25.30 
25.20 
25.30 
25.20 
25.30 
25.20 
25.20 
25.20 
25.20 
25.20 
25.20 
25.20 
25.20 
25.10 
25.00 
25.10 
25.00 
24.90 
25.00 
24.80 
24.90 
24.80 
24.80 
24.70 
24.80 
24.70 
24.70 
24.70 
24.70 
24.70 
24.80 
24.80 
24.80 
24.70 
24.70 
24.70 
24.60 
24.60 
24.60 
24.40 
24.40 
24.30 
24.30 
24.20 
24.30 
24.20 
24.20 
24.30 
24.20 
24.30 
24.20 
24.20 
24.30 
24.20 
24.20 
24.20 
24.30 
24.20 
24.20 
24.20 
24.20 
24.10 
24.10 
24.10 
24.10 
24.00 
24.10 
23.80 
23.90 
24.00 
24.00 
23.90 
23.90 
23.90 
23.90 
24.00 
23.90 
24.00 
23.90 
23.90 
23.90 
23.90 
23.90 
23.90 
23.90 
23.90 
24.30 
24.40 
24.60 
24.80 
24.80 
27.90 
26.80 
26.40 
26.40 
26.20 
27.70 
26.80 
26.40 
26.20 
27.10 
32.70 
27.80 
27.00 
27.00 
26.90 
28.80 
28.80 
28.50 
28.40 
27.80 
27.30 
26.70 
26.60 
29.30 
27.60 
27.10 
26.80 
26.60 
26.50 
26.30 
26.30 
26.20 
26.20 
26.20 
26.10 
26.10 
26.00 
26.00 
26.00 
25.90 
25.90 
25.80 
25.80 
25.80 
25.70 
25.60 
25.70 
25.50 
25.50 
25.50 
25.50 
25.40 
25.40 
25.40 
25.40 
25.40 
25.40 
25.40 
25.40 
25.40 
25.40 
25.30 
25.30 
25.30 
25.30 
25.30 
25.20 
25.20 
25.20 
25.20 
25.20 
25.10 
25.10 
25.10 
25.00 
25.00 
25.00 
25.00 
25.10 
25.00 
25.00 
25.00 
25.00 
25.00 
25.00 
25.00 
25.00 
24.90 
24.90 
24.90 
24.80 
24.80 
25.10 
25.00 
24.90 
24.60 
24.70 
24.60 
24.60 
24.60 
24.60 
24.50 
24.60 
24.60 
24.60 
24.60 
24.50 
24.50 
24.50 
24.60 
24.60 
24.50 
24.50 
24.50 
24.40 
24.30 
24.30 
24.20 
24.20 
24.20 
24.20 
24.10 
24.10 
24.10 
24.10 
24.10 
24.10 
24.10 
24.10 
24.10 
24.10 
24.10 
24.10 
24.00 
24.00 
24.10 
24.10 
24.00 
24.00 
23.90 
23.90 
23.80 
23.70 
23.70 
23.80 
23.60 
23.70 
23.70 
23.60 
23.70 
23.60 
23.60 
23.60 
23.70 
23.70 
32.10 
28.90 
27.60 
27.40 
27.20 
27.00 
26.80 
26.60 
26.50 
26.40 
26.30 
26.20 
26.20 
26.20 
26.20 
26.00 
26.00 
25.90 
25.90 
25.90 
25.90 
26.00 
27.10 
26.80 
26.90 
27.10 
27.30 
26.70 
26.90 
28.20 
28.30 
35.40 
31.40 
31.10 
30.50 
30.00 
29.70 
29.40 
29.20 
29.10 
29.00 
28.90 
28.90 
28.80 
28.70 
28.60 
28.60 
28.50 
28.50 
28.40 
28.40 
28.20 
28.20 
28.20 
28.20 
28.10 
28.00 
28.00 
28.00 
27.90 
27.90 
27.80 
27.80 
27.80 
27.80 
27.80 
27.80 
27.70 
27.70 
27.70 
27.70 
27.70 
27.60 
27.70 
27.60 
27.60 
27.60 
27.40 
27.40 
27.20 
27.30 
27.30 
27.20 
27.10 
27.10 
27.00 
27.10 
27.00 
27.00 
27.00 
27.00 
27.00 
27.00 
26.90 
27.00 
26.90 
26.90 
26.90 
26.90 
26.90 
26.90 
26.90 
26.80 
26.80 
26.70 
26.60 
26.50 
26.40 
26.60 
26.30 
26.30 
26.40 
26.40 
26.30 
26.40 
26.30 
26.30 
26.30 
26.30 
26.30 
26.30 
26.30 
26.30 
26.20 
26.20 
26.20 
26.10 
26.10 
26.00 
25.90 
25.90 
25.90 
25.70 
25.60 
25.60 
25.60 
25.70 
25.60 
25.60 
25.60 
25.60 
25.60 
25.60 
25.50 
25.60 
25.60 
25.50 
25.50 
25.40 
25.40 
25.30 
25.30 
25.20 
25.00 
24.90 
24.70 
24.70 
24.60 
24.60 
24.60 
24.60 
24.50 
24.40 
24.50 
24.50 
24.40 
24.40 
24.50 
24.40 
24.50 
24.50 
24.40 
24.30 
24.30 
24.20 
24.00 
23.90 
23.90 
23.70 
23.60 
23.50 
23.40 
23.40 
23.40 
23.40 
23.40 
23.40 
23.30 
23.40 
23.30 
23.30 
23.30 
23.30 
23.30 
23.20 
23.30 
23.20 
23.20 
23.00 
22.90 
22.80 
22.70 
22.60 
22.50 
22.30 
22.30 
22.20 
22.20 
22.20 
22.20 
22.20 
22.20 
22.20 
22.20 
22.20 
22.20 
22.20 
22.20 
22.20 
22.20 
22.10 
22.00 
22.00 
21.90 
21.60 
21.60 
21.40 
21.30 
21.30 
21.20 
21.20 
21.20 
21.20 
21.10 
21.10 
21.10 
21.10 
21.10 
21.10 
21.10 
21.10 
21.10 
21.10 
21.10 
21.00 
20.90 
20.90 
20.80 
20.70 
20.50 
20.30 
20.30 
20.30 
20.20 
20.20 
20.20 
20.20 
20.20 
20.10 
20.20 
20.20 
20.10 
20.20 
20.20 
20.10 
20.20 
20.10 
20.10 
20.10 
20.00 
19.90 
19.80 
19.80 
19.70 
19.60 
19.50 
19.50 
19.40 
19.40 
19.30 
19.40 
19.30 
19.30 
19.30 
19.30 
19.30 
19.30 
19.20 
19.30 
19.30 
19.20 
19.30 
19.20 
19.10 
19.10 
19.00 
19.00 
18.90 
18.70 
18.60 
18.50 
18.50 
18.50 
18.50 
18.50 
18.40 
18.60 
18.60 
18.60 
18.60 
18.60 
18.60 
18.60 
18.60 
18.60 
18.60 
18.60 
18.60 
18.60 
18.60 
18.40 
18.50 
18.40 
18.30 
18.40 
18.40 
18.30 
18.40 
18.30 
18.30 
18.40 
18.30 
18.30 
18.30 
18.30 
18.40 
18.30 
18.30 
18.30 
18.30 
18.30 
18.30 
18.30 
18.30 
18.20 
18.10 
18.10 
18.00 
18.00 
18.00 
18.10 
17.90 
17.90 
17.90 
17.90 
17.90 
17.90 
17.90 
17.90 
17.90 
17.90 
17.90 
17.90 
17.90 
17.90 
17.80 
17.80 
17.70 
17.70 
17.60 
17.50 
17.50 
17.40 
17.30 
17.30 
17.30 
17.30 
17.40 
17.30 
17.30 
17.30 
17.30 
17.30 
17.30 
17.30 
17.30 
17.30 
17.30 
17.30 
17.20 
17.20 
17.10 
17.00 
17.00 
16.90 
16.90 
16.80 
16.90 
16.80 
16.80 
16.80 
16.80 
16.80 
16.80 
16.80 
16.70 
16.80 
16.70 
16.70 
16.70 
16.70 
16.70 
16.70 
16.70 
16.60 
16.60 
16.50 
16.50 
16.40 
16.30 
16.30 
16.30 
16.20 
16.30 
16.20 
16.20 
16.20 
16.20 
16.20 
16.20 
16.20 
16.20 
16.20 
16.20 
16.20 
16.20 
16.20 
16.10 
16.10 
16.10 
16.10 
16.00 
16.00 
16.00 
16.00 
16.00 
16.00 
16.00 
16.00 
16.00 
16.00 
16.00 
16.10 
16.00 
16.00 
16.00 
16.00 
16.00 
16.00 
16.00 
16.00 
16.00 
15.90 
15.90 
15.80 
15.80 
15.80 
15.80 
15.80 
15.80 
15.80 
15.70 
15.70 
15.70 
15.70 
15.70 
15.70 
15.70 
15.70 
15.70 
15.70 
15.70 
15.70 
15.60 
15.60 
15.50 
15.50 
15.50 
15.40 
15.50 
15.40 
15.40 
15.40 
15.30 
15.30 
15.30 
15.30 
15.20 
15.20 
15.20 
15.20 
15.20 
15.20 
15.20 
15.20 
15.20 
15.30 
15.30 
15.30 
15.30 
15.20 
15.20 
15.10 
15.10 
15.00 
15.10 
15.10 
15.00 
15.00 
14.90 
15.00 
14.40 
14.40 
14.40 
14.40 
14.40 
14.40 
14.40 
14.40 
14.40 
14.40 
14.40 
14.40 
14.40 
14.40 
14.40 
14.40 
14.40 
14.40 
14.40 
14.40 
14.40 
14.40 
14.40 
14.40 
14.40 
14.40 
14.40 
14.40 
14.40 
14.40 
14.40 
14.40 
14.40 
14.40 
14.40 
14.40 
14.40 
14.40 
14.40 
14.40 
14.40 
14.40 
14.40 
14.40 
14.40 
14.40 
14.40 
14.40 
14.40 
14.40 
14.40 
14.40 
14.40 
14.40 
14.40 
14.40 
14.40 
14.40 
14.40 
14.40 
14.40 
14.40 
14.40 
14.40 
14.40 
14.40 
14.40 
14.40 
14.40 
13.80 
14.00 
13.70 
13.80 
13.80 
14.00 
13.90 
13.90 
13.90 
13.80 
13.70 
13.80 
13.60 
13.80 
13.70 
14.00 
13.70 
14.00 
14.00 
14.00 
14.00 
13.80 
13.90 
13.80 
13.80 
13.60 
13.50 
13.70 
13.40 
13.50 
13.40 
13.70 
13.50 
13.60 
13.70 
13.60 
13.50 
13.40 
13.50 
13.70 
13.70 
13.70 
13.70 
13.70 
13.80 
13.60 
13.50 
13.30 
13.50 
13.30 
13.50 
13.40 
13.40 
13.40 
13.40 
13.30 
13.30 
13.50 
13.50 
13.40 
13.20 
13.20 
13.40 
13.60 
13.40 
13.40 
13.40 
13.60 
13.60 
13.40 
13.30 
13.30 
13.30 
13.10 
13.20 
13.20 
13.00 
12.90 
13.00 
12.90 
13.20 
13.20 
13.00 
13.00 
13.10 
13.00 
12.90 
20.80 
18.80 
17.50 
17.00 
16.50 
16.00 
15.80 
15.60 
15.20 
15.30 
15.00 
15.20 
14.80 
14.90 
14.80 
14.80 
14.80 
21.90 
20.40 
20.00 
19.50 
20.30 
19.90 
19.70 
19.40 
19.40 
19.20 
19.00 
18.60 
18.50 
18.10 
18.10 
17.70 
17.80 
17.70 
17.60 
17.40 
17.60 
17.20 
16.70 
16.80 
16.90 
17.00 
16.90 
17.10 
16.80 
16.90 
16.60 
16.50 
16.70 
16.50 
16.70 
16.70 
16.40 
16.50 
16.30 
16.50 
16.30 
16.50 
16.10 
16.00 
16.20 
16.50 
16.00 
16.00 
16.40 
16.30 
16.30 
16.20 
16.20 
15.90 
15.90 
15.80 
16.20 
16.30 
16.20 
16.00 
16.00 
15.80 
15.70 
16.30 
16.10 
16.10 
16.20 
15.80 
16.10 
15.60 
15.80 
15.70 
16.10 
15.90 
15.90 
15.70 
15.60 
15.80 
15.60 
15.40 
15.90 
15.70 
16.10 
15.60 
16.10 
16.00 
15.80 
15.80 
15.60 
15.40 
15.50 
15.20 
15.50 
15.50 
15.30 
14.90 
15.10 
15.20 
15.20 
15.30 
15.30 
15.50 
15.30 
15.10 
15.50 
15.60 
15.20 
15.30 
15.40 
15.30 
15.10 
15.10 
15.20 
15.00 
16.80 
16.20 
16.10 
16.10 
15.40 
16.00 
15.80 
15.90 
16.70 
17.50 
20.50 
24.10 
24.90 
23.40 
24.80 
23.40 
23.00 
27.30 
27.10 
23.90 
23.50 
22.80 
21.80 
21.70 
21.60 
21.20 
21.90 
21.20 
21.00 
20.90 
20.70 
20.70 
21.40 
20.70 
20.70 
20.60 
20.70 
21.40 
21.30 
21.00 
20.70 
21.10 
26.60 
24.40 
22.90 
22.90 
22.30 
22.00 
22.50 
22.00 
21.60 
22.00 
21.20 
21.70 
21.40 
21.00 
21.20 
20.80 
20.90 
21.10 
21.50 
21.30 
21.30 
21.50 
21.40 
21.50 
21.00 
21.30 
21.40 
21.20 
20.60 
20.90 
20.40 
20.60 
20.50 
20.60 
20.80 
20.50 
20.40 
20.80 
20.00 
20.80 
20.60 
20.60 
19.90 
20.70 
20.90 
20.60 
20.30 
20.30 
20.30 
20.40 
20.30 
20.60 
20.30 
20.40 
20.20 
19.70 
20.20 
20.20 
20.30 
20.20 
19.90 
19.50 
20.00 
19.90 
19.70 
19.40 
19.50 
20.00 
19.70 
19.90 
19.90 
19.80 
19.50 
19.60 
19.40 
19.80 
19.70 
19.10 
19.40 
19.00 
19.70 
19.70 
19.50 
19.00 
19.30 
19.40 
19.00 
19.20 
19.60 
19.50 
19.10 
19.50 
19.00 
19.20 
19.40 
19.10 
18.80 
18.80 
19.40 
18.50 
19.30 
19.10 
19.20 
18.70 
19.10 
19.00 
19.00 
19.00 
19.00 
18.30 
18.30 
19.00 
18.60 
18.70 
18.20 
18.50 
18.70 
18.50 
18.60 
18.30 
18.10 
18.60 
18.70 
18.50 
18.60 
18.30 
17.90 
17.70 
17.90 
18.40 
18.40 
18.30 
17.80 
17.80 
17.70 
18.20 
17.70 
17.70 
17.70 
18.10 
17.90 
17.80 
17.50 
17.70 
18.00 
17.30 
17.10 
17.60 
17.00 
17.30 
17.50 
17.10 
16.80 
17.30 
17.20 
17.10 
17.40 
16.80 
16.30 
17.30 
16.70 
17.30 
16.70 
17.30 
21.20 
21.20 
21.20 
21.20 
21.20 
21.20 
21.20 
21.20 
21.20 
21.20 
21.20 
21.20 
21.20 
21.20 
21.20 
21.20 
21.20 
21.20 
21.20 
21.20 
21.20 
21.20 
21.20 
21.20 
21.20 
21.20 
21.20 
21.20 
21.20 
25.10 
25.20 
24.90 
24.70 
25.00 
25.20 
25.10 
24.80 
25.20 
24.80 
25.00 
24.80 
24.70 
24.80 
25.00 
25.10 
24.80 
25.00 
24.80 
24.80 
25.10 
25.30 
25.20 
25.10 
25.20 
24.90 
25.00 
24.60 
24.70 
24.80 
24.60 
24.80 
24.80 
24.80 
24.50 
24.40 
24.70 
24.70 
24.70 
24.60 
24.70 
24.70 
24.90 
25.00 
24.90 
24.80 
25.20 
24.80 
24.90 
24.50 
24.70 
24.40 
24.50 
24.50 
24.30 
24.20 
24.60 
24.50 
24.40 
24.30 
24.40 
24.20 
24.30 
24.10 
23.90 
24.20 
24.30 
24.60 
24.30 
24.80 
24.50 
24.80 
24.70 
24.60 
24.40 
23.80 
23.70 
24.10 
23.80 
24.00 
23.50 
24.00 
23.80 
24.00 
23.90 
23.50 
23.60 
23.70 
23.80 
23.70 
23.50 
23.50 
23.90 
23.70 
23.80 
23.60 
23.90 
23.90 
23.80 
23.90 
23.90 
24.00 
23.80 
24.20 
24.40 
24.20 
24.50 
24.30 
23.80 
24.40 
24.40 
24.40 
24.10 
23.50 
23.90 
23.80 
24.20 
24.50 
24.20 
23.90 
23.90 
23.70 
24.20 
23.60 
24.20 
23.70 
24.10 
24.40 
23.90 
24.50 
23.90 
23.90 
24.10 
24.30 
24.50 
24.10 
24.30 
24.70 
24.70 
24.80 
24.50 
24.60 
24.70 
24.20 
24.40 
24.50 
24.70 
24.50 
25.00 
25.30 
25.00 
25.40 
24.20 
24.00 
24.10 
24.30 
24.20 
24.00 
23.80 
23.60 
24.10 
23.70 
24.30 
24.50 
24.00 
24.00 
24.20 
24.20 
24.10 
24.30 
24.10 
24.00 
23.90 
23.90 
24.30 
23.90 
24.20 
24.30 
24.00 
24.00 
24.00 
24.10 
24.20 
24.20 
24.00 
24.00 
24.00 
24.30 
24.40 
24.70 
24.70 
24.60 
24.40 
23.90 
24.00 
23.80 
23.70 
24.10 
23.70 
23.90 
23.90 
23.70 
24.00 
23.90 
23.90 
23.60 
23.70 
23.50 
23.50 
23.70 
23.90 
24.00 
24.00 
24.20 
24.30 
24.00 
24.00 
23.80 
23.70 
23.60 
23.50 
23.50 
23.60 
23.40 
23.60 
23.50 
23.40 
23.40 
23.30 
23.30 
23.30 
23.20 
23.30 
23.10 
23.10 
23.70 
23.40 
24.00 
24.00 
23.90 
23.50 
23.50 
23.30 
23.40 
23.00 
23.00 
23.00 
23.00 
23.20 
23.10 
22.90 
23.10 
22.80 
23.10 
23.10 
23.10 
22.70 
22.70 
23.00 
23.40 
23.30 
23.40 
23.50 
23.50 
23.20 
23.20 
22.50 
22.50 
22.60 
22.10 
22.20 
22.60 
22.40 
22.00 
22.00 
22.00 
22.40 
22.00 
22.00 
21.90 
21.90 
21.80 
22.30 
22.50 
22.70 
23.10 
23.00 
22.70 
22.40 
22.30 
22.10 
21.80 
21.80 
21.90 
21.90 
21.80 
21.90 
21.50 
21.60 
21.60 
21.60 
21.50 
21.60 
21.70 
21.10 
20.80 
21.80 
22.00 
21.50 
22.50 
22.30 
22.00 
21.80 
21.70 
21.10 
21.00 
20.70 
20.60 
20.90 
20.80 
20.90 
20.60 
20.70 
20.80 
20.80 
20.80 
20.50 
20.80 
20.70 
20.40 
20.20 
20.60 
20.70 
21.70 
21.90 
21.70 
21.40 
21.00 
20.50 
20.40 
20.40 
20.50 
20.60 
20.60 
20.40 
20.40 
20.50 
20.30 
20.20 
20.20 
20.40 
20.30 
20.00 
20.00 
20.40 
20.50 
20.30 
20.60 
21.10 
21.10 
20.70 
20.80 
20.60 
20.60 
20.70 
20.40 
20.00 
20.40 
20.30 
20.30 
20.40 
20.50 
20.20 
20.10 
20.10 
20.10 
20.30 
20.00 
20.80 
20.80 
20.90 
21.40 
21.40 
21.10 
21.20 
20.90 
20.30 
20.50 
20.40 
20.10 
20.00 
20.30 
20.20 
20.10 
20.20 
20.40 
20.00 
19.90 
20.30 
20.10 
20.00 
20.30 
20.50 
20.50 
20.50 
21.10 
21.50 
21.20 
20.70 
20.50 
20.20 
20.50 
20.20 
20.20 
20.40 
20.30 
20.50 
20.40 
20.20 
20.20 
20.40 
20.40 
20.40 
20.10 
20.30 
20.20 
19.70 
19.70 
19.10 
18.90 
18.90 
20.20 
20.20 
19.40 
19.30 
19.80 
19.50 
18.70 
19.80 
19.50 
19.80 
19.70 
19.60 
20.20 
23.60 
23.90 
23.10 
23.00 
23.60 
23.90 
24.70 
25.40 
25.00 
24.60 
24.40 
24.30 
24.60 
23.50 
24.00 
23.40 
23.40 
23.40 
23.30 
22.90 
23.70 
22.80 
25.30 
25.50 
25.20 
24.00 
23.30 
23.00 
22.50 
22.20 
22.00 
21.70 
21.70 
21.90 
21.10 
21.20 
20.90 
20.70 
20.50 
20.40 
20.10 
20.10 
20.10 
20.10 
20.10 
20.10 
20.10 
20.10 
20.10 
20.10 
20.10 
20.10 
20.10 
20.10 
20.00 
21.10 
22.20 
22.80 
22.60 
23.00 
22.10 
22.60 
22.40 
22.30 
21.80 
22.40 
22.40 
22.20 
22.30 
21.80 
21.60 
21.70 
22.40 
22.30 
21.80 
22.20 
21.60 
21.90 
22.00 
22.10 
21.70 
22.40 
22.70 
22.00 
21.80 
22.40 
22.20 
21.70 
22.00 
21.30 
21.60 
21.20 
21.50 
21.30 
21.40 
21.80 
21.50 
21.90 
21.30 
21.60 
21.20 
21.10 
21.70 
21.20 
21.40 
22.00 
21.70 
22.30 
22.00 
21.00 
21.00 
21.70 
20.70 
20.60 
21.20 
21.20 
20.70 
20.60 
21.30 
21.30 
21.30 
20.60 
21.30 
20.50 
20.50 
21.10 
20.80 
20.60 
20.70 
21.20 
21.00 
21.10 
20.90 
20.60 
21.10 
20.10 
20.60 
19.90 
20.90 
20.70 
20.90 
20.80 
20.10 
20.90 
20.70 
20.80 
20.50 
20.30 
20.60 
20.70 
21.00 
20.80 
20.70 
20.50 
20.60 
21.20 
20.30 
20.50 
20.40 
20.60 
19.80 
20.00 
19.90 
20.10 
20.60 
20.70 
20.60 
19.90 
20.30 
20.60 
20.60 
20.40 
20.20 
20.40 
20.60 
20.30 
20.60 
25.70 
25.70 
27.70 
30.10 
29.10 
31.00 
31.90 
32.50 
31.40 
30.70 
30.40 
30.50 
30.00 
29.90 
29.80 
29.70 
29.90 
29.90 
29.60 
29.80 
29.80 
29.60 
29.40 
29.70 
29.00 
29.20 
28.70 
28.50 
28.60 
28.60 
28.50 
28.50 
28.70 
28.20 
28.10 
28.00 
28.00 
27.90 
28.00 
28.00 
28.20 
27.80 
28.00 
27.90 
27.90 
27.90 
27.80 
27.10 
27.80 
27.90 
27.20 
27.00 
26.90 
26.90 
27.00 
27.10 
27.20 
26.80 
26.60 
26.90 
26.90 
26.70 
27.00 
26.50 
26.80 
26.50 
26.30 
26.70 
26.60 
26.80 
26.00 
26.10 
26.20 
26.60 
26.30 
26.10 
26.00 
25.40 
25.70 
25.40 
25.60 
25.50 
25.70 
25.70 
25.70 
25.60 
25.60 
25.70 
25.50 
25.10 
25.20 
25.60 
25.50 
25.00 
25.10 
24.90 
24.80 
25.50 
25.40 
25.30 
24.70 
24.70 
24.20 
24.90 
24.50 
24.70 
24.60 
24.20 
24.50 
24.80 
24.70 
24.30 
24.30 
24.70 
24.60 
24.00 
24.60 
24.50 
23.90 
24.00 
24.20 
24.30 
24.60 
24.40 
24.30 
24.00 
23.90 
23.30 
23.50 
23.70 
23.80 
23.50 
23.50 
23.30 
23.70 
23.80 
23.50 
23.60 
23.60 
23.10 
23.10 
23.40 
23.10 
23.20 
24.00 
23.70 
24.00 
23.50 
23.50 
23.50 
23.40 
22.90 
22.20 
22.90 
22.40 
22.80 
22.80 
22.90 
22.90 
22.50 
22.70 
22.40 
22.50 
22.40 
22.50 
22.40 
22.40 
22.40 
22.50 
22.80 
22.80 
22.80 
22.50 
22.40 
22.10 
22.00 
22.40 
22.60 
22.30 
22.20 
22.60 
22.60 
22.30 
22.60 
22.10 
22.10 
22.00 
22.50 
22.60 
22.10 
22.30 
22.40 
22.30 
22.70 
22.60 
22.20 
22.50 
21.90 
22.20 
21.70 
21.90 
22.20 
22.00 
21.90 
22.30 
22.00 
22.10 
22.00 
22.00 
22.00 
21.60 
21.80 
21.60 
21.60 
22.20 
21.80 
22.70 
22.20 
22.60 
22.10 
22.60 
22.20 
21.60 
21.50 
21.50 
21.70 
21.70 
21.40 
21.60 
21.30 
21.40 
21.30 
21.90 
21.70 
21.80 
21.20 
21.70 
21.10 
21.60 
21.40 
22.30 
22.00 
22.00 
22.10 
22.30 
21.60 
21.70 
21.30 
20.80 
20.90 
21.20 
21.50 
21.00 
21.50 
21.60 
21.00 
21.50 
20.80 
21.00 
20.90 
21.00 
21.50 
20.90 
21.30 
22.00 
22.20 
21.80 
22.20 
22.00 
21.50 
21.40 
20.90 
21.30 
20.80 
20.60 
21.00 
20.90 
20.60 
20.60 
21.20 
20.60 
21.20 
21.20 
21.00 
21.10 
20.60 
20.80 
20.80 
21.20 
22.00 
21.30 
21.50 
21.60 
21.40 
21.10 
21.00 
20.30 
20.80 
20.30 
20.50 
20.90 
20.20 
20.70 
20.10 
20.60 
20.20 
20.80 
20.60 
20.50 
20.30 
21.20 
21.20 
21.50 
21.40 
21.50 
20.90 
20.90 
20.90 
20.60 
20.50 
20.20 
19.70 
20.10 
20.30 
20.00 
20.00 
20.30 
19.60 
19.70 
19.70 
19.90 
20.00 
19.80 
20.00 
20.20 
19.30 
20.60 
20.90 
20.40 
20.60 
19.80 
19.40 
19.60 
19.40 
19.60 
19.40 
19.20 
19.70 
19.60 
19.30 
19.90 
19.60 
19.60 
19.80 
19.90 
19.30 
19.70 
19.00 
19.40 
19.10 
20.00 
20.50 
20.70 
20.40 
19.80 
19.50 
19.40 
19.20 
18.80 
18.90 
19.30 
18.80 
19.60 
18.90 
19.50 
19.30 
19.10 
19.00 
18.80 
18.30 
18.90 
18.40 
19.20 
18.50 
18.00 
17.90 
18.70 
18.70 
18.60 
18.20 
18.40 
17.20 
17.80 
17.50 
17.30 
16.30 
16.50 
17.00 
17.30 
17.20 
17.50 
16.70 
17.40 
17.20 
16.60 
17.50 
17.60 
16.70 
17.40 
18.00 
17.90 
17.40 
18.30 
17.50 
17.30 
17.70 
17.20 
17.10 
17.20 
16.40 
16.90 
16.70 
17.50 
17.10 
17.10 
17.40 
17.60 
17.50 
17.50 
16.90 
17.50 
17.30 
17.50 
17.10 
16.70 
16.70 
16.90 
17.00 
17.00 
17.00 
16.90 
17.70 
17.40 
17.80 
17.00 
17.60 
17.10 
17.70 
17.80 
17.40 
17.40 
17.50 
17.80 
17.40 
17.30 
17.60 
17.70 
17.50 
17.90 
17.00 
17.20 
17.80 
17.00 
17.70 
17.10 
17.30 
17.80 
17.10 
17.10 
17.60 
18.00 
17.90 
17.90 
17.10 
17.80 
17.10 
17.10 
17.20 
17.50 
17.30 
17.80 
18.00 
17.30 
17.70 
17.90 
18.00 
17.90 
18.00 
18.00 
17.40 
17.60 
17.20 
17.30 
17.90 
17.90 
17.90 
17.20 
18.10 
18.00 
17.50 
17.90 
17.80 
17.60 
18.20 
17.40 
17.90 
18.10 
17.70 
18.50 
18.10 
17.70 
18.10 
17.20 
17.30 
18.00 
18.00 
18.10 
17.80 
17.90 
17.70 
17.70 
18.20 
17.40 
17.30 
18.00 
17.20 
17.40 
17.20 
17.80 
17.90 
17.20 
19.10 
26.70 
26.70 
26.30 
26.20 
25.80 
25.50 
25.30 
25.20 
25.20 
25.10 
25.20 
25.00 
24.80 
25.00 
25.00 
24.90 
25.10 
25.20 
25.60 
26.00 
27.30 
28.20 
28.30 
28.20 
28.10 
28.10 
28.00 
28.00 
29.80 
30.20 
30.00 
30.30 
30.30 
30.10 
30.00 
29.80 
29.70 
29.60 
29.50 
29.40 
29.20 
29.10 
29.10 
28.90 
28.70 
28.80 
28.40 
28.40 
28.30 
28.00 
28.20 
28.20 
27.90 
27.90 
27.90 
27.80 
27.60 
27.60 
27.60 
27.60 
27.50 
27.50 
27.40 
27.20 
27.40 
27.20 
27.20 
27.00 
27.00 
26.90 
26.80 
26.80 
26.80 
26.50 
26.70 
26.60 
26.60 
26.40 
26.30 
26.50 
26.30 
26.30 
26.40 
26.50 
26.40 
26.50 
26.50 
26.50 
26.60 
26.50 
26.60 
26.70 
26.70 
26.80 
26.80 
26.80 
26.90 
27.10 
27.20 
27.50 
28.20 
28.60 
28.80 
28.90 
29.10 
29.20 
29.20 
29.30 
29.30 
29.20 
29.30 
29.30 
29.60 
29.70 
29.70 
29.60 
29.60 
29.60 
29.50 
29.50 
29.50 
29.50 
29.50 
29.50 
29.60 
29.50 
29.60 
29.60 
29.50 
29.60 
29.50 
29.40 
29.40 
29.30 
29.30 
29.20 
29.30 
29.20 
29.00 
28.80 
28.60 
28.30 
28.40 
28.20 
28.00 
28.30 
28.30 
28.60 
28.70 
28.70 
28.70 
28.70 
28.70 
28.80 
28.70 
28.70 
28.70 
28.70 
28.60 
28.60 
28.60 
28.60 
28.50 
28.40 
28.30 
28.10 
27.90 
27.70 
27.60 
27.60 
27.80 
27.80 
27.80 
28.00 
28.10 
28.00 
28.10 
28.00 
28.00 
28.00 
28.00 
27.90 
27.90 
27.90 
27.90 
27.80 
27.70 
27.70 
27.50 
27.30 
27.10 
26.80 
27.10 
27.10 
27.20 
27.40 
27.40 
27.50 
27.40 
27.40 
27.40 
27.40 
27.50 
27.40 
27.30 
27.40 
27.40 
27.40 
27.40 
27.30 
27.30 
27.10 
27.00 
26.80 
26.90 
26.70 
26.60 
26.70 
26.90 
26.80 
26.90 
26.90 
27.00 
27.00 
27.00 
27.10 
27.00 
27.00 
27.10 
27.00 
27.00 
27.10 
27.00 
26.90 
26.70 
26.40 
26.30 
26.20 
26.30 
26.20 
26.10 
25.60 
25.70 
25.80 
26.10 
26.10 
26.30 
26.50 
26.40 
26.60 
26.60 
26.70 
26.60 
26.60 
26.60 
26.60 
26.70 
26.50 
26.20 
25.90 
25.70 
25.60 
26.00 
25.90 
25.40 
25.10 
25.20 
25.50 
25.60 
25.80 
26.10 
26.00 
26.30 
26.00 
26.30 
26.20 
26.20 
26.20 
26.30 
26.20 
26.70 
26.10 
25.80 
25.50 
25.70 
25.70 
26.00 
25.90 
25.80 
25.40 
24.80 
25.10 
25.20 
25.30 
25.70 
25.70 
25.60 
25.90 
25.90 
25.90 
25.80 
25.70 
25.80 
25.80 
25.70 
25.60 
25.70 
25.40 
25.50 
25.60 
26.00 
25.90 
25.50 
25.60 
25.00 
25.10 
24.90 
25.20 
25.10 
25.50 
25.40 
25.40 
25.40 
25.50 
25.70 
25.70 
25.60 
25.60 
25.50 
25.40 
25.30 
25.40 
25.40 
25.50 
25.50 
25.90 
25.80 
25.30 
25.40 
25.30 
25.00 
25.00 
25.00 
24.90 
25.20 
25.50 
25.20 
25.40 
25.20 
25.30 
25.40 
25.60 
25.40 
25.30 
25.30 
25.00 
25.10 
24.90 
25.20 
25.40 
25.30 
25.20 
24.90 
25.20 
25.30 
25.50 
25.30 
25.40 
25.40 
25.60 
25.70 
25.40 
25.20 
25.40 
25.20 
25.40 
25.20 
25.20 
25.20 
25.00 
25.30 
25.20 
25.60 
25.60 
25.30 
25.10 
24.90 
24.60 
24.50 
24.50 
24.60 
25.10 
24.90 
24.80 
24.80 
24.70 
24.90 
24.70 
24.90 
24.70 
25.00 
24.80 
24.80 
24.40 
24.40 
24.60 
24.40 
24.40 
24.50 
24.20 
24.70 
24.80 
24.80 
24.80 
24.60 
25.10 
25.00 
24.80 
25.00 
25.20 
25.00 
24.60 
24.60 
24.40 
24.30 
24.40 
24.20 
24.40 
24.10 
24.10 
24.00 
24.20 
24.20 
24.10 
24.00 
24.20 
24.40 
24.50 
24.60 
24.60 
24.40 
24.70 
24.30 
24.60 
24.30 
24.30 
24.50 
24.40 
24.40 
24.50 
24.30 
23.90 
23.80 
24.10 
24.10 
24.10 
23.90 
23.80 
23.60 
23.80 
24.10 
24.10 
24.20 
24.20 
24.60 
24.10 
24.50 
24.20 
24.50 
24.50 
24.70 
24.80 
24.30 
24.50 
24.50 
24.00 
24.30 
23.70 
24.30 
23.90 
23.70 
23.50 
23.70 
23.60 
23.70 
24.20 
24.00 
23.90 
24.30 
24.20 
24.00 
24.10 
24.10 
24.20 
24.10 
24.10 
24.40 
24.00 
23.80 
23.70 
23.70 
23.40 
24.30 
23.90 
23.90 
23.80 
24.40 
23.20 
23.80 
24.00 
24.20 
23.80 
23.80 
24.00 
24.10 
23.90 
23.90 
23.90 
24.20 
24.20 
24.10 
24.30 
24.20 
23.80 
24.00 
24.00 
24.00 
23.60 
23.40 
23.80 
23.60 
23.70 
24.40 
23.70 
23.80 
24.00 
24.20 
24.20 
24.20 
24.50 
24.40 
24.50 
24.80 
24.70 
24.50 
24.20 
24.20 
24.10 
23.80 
23.40 
23.50 
23.50 
23.60 
23.40 
23.50 
23.90 
23.70 
25.00 
24.80 
24.40 
24.50 
24.20 
24.30 
24.60 
24.10 
24.30 
24.30 
24.50 
24.20 
24.10 
24.00 
24.00 
23.70 
24.00 
26.00 
25.20 
24.40 
24.80 
23.90 
23.30 
24.10 
24.00 
24.20 
24.20 
24.40 
24.50 
24.60 
24.40 
24.60 
24.60 
24.40 
24.70 
24.70 
24.60 
24.60 
24.50 
24.60 
25.00 
24.70 
24.90 
25.10 
25.00 
25.20 
25.50 
25.80 
25.20 
25.20 
25.40 
25.30 
25.10 
25.20 
25.40 
25.40 
25.60 
25.40 
25.40 
25.40 
25.20 
25.60 
25.40 
25.30 
25.40 
25.60 
25.50 
25.30 
25.70 
25.70 
25.60 
25.50 
25.90 
25.70 
25.60 
25.70 
25.70 
26.00 
26.10 
25.80 
26.20 
26.20 
26.10 
26.20 
26.40 
26.30 
26.30 
26.40 
26.40 
26.30 
26.40 
26.40 
26.50 
26.40 
26.40 
26.60 
26.30 
26.20 
26.30 
26.30 
26.50 
26.50 
26.40 
26.60 
26.40 
26.70 
26.70 
26.40 
26.80 
26.70 
26.70 
26.70 
26.70 
26.70 
26.80 
26.70 
26.70 
26.70 
26.70 
26.70 
26.80 
26.70 
26.80 
26.70 
26.80 
26.80 
26.70 
26.90 
26.90 
26.70 
26.80 
26.80 
26.80 
26.90 
26.80 
26.90 
27.00 
26.90 
26.90 
27.00 
27.00 
27.00 
26.90 
27.00 
27.00 
26.90 
26.80 
26.90 
26.80 
26.80 
26.90 
26.80 
26.80 
26.90 
26.90 
26.90 
26.80 
26.70 
26.80 
26.90 
26.90 
26.90 
27.10 
27.10 
27.20 
27.00 
27.00 
27.00 
26.90 
26.70 
26.90 
26.70 
26.80 
26.60 
26.60 
26.60 
26.80 
26.60 
26.60 
26.70 
26.50 
26.70 
26.80 
26.70 
26.80 
25.00 
25.20 
25.10 
25.10 
25.00 
24.80 
24.70 
24.60 
24.60 
24.50 
24.50 
24.40 
24.30 
24.40 
24.30 
24.20 
24.30 
24.20 
24.10 
24.20 
24.30 
26.50 
26.70 
26.70 
26.70 
26.60 
26.80 
26.80 
26.80 
26.80 
26.80 
26.80 
26.90 
26.80 
26.80 
26.60 
26.60 
26.60 
26.50 
26.70 
26.60 
26.70 
26.70 
26.70 
26.70 
26.70 
26.70 
26.70 
26.70 
26.70 
26.70 
26.80 
26.80 
26.80 
26.80 
26.80 
26.70 
26.70 
26.70 
26.70 
26.70 
26.70 
26.70 
26.70 
26.60 
26.70 
26.60 
26.60 
26.70 
28.80 
28.30 
28.10 
28.80 
28.40 
28.20 
28.10 
28.00 
28.00 
28.00 
28.00 
28.00 
27.90 
28.10 
28.00 
28.00 
28.10 
28.00 
28.00 
27.90 
28.00 
27.90 
28.10 
28.10 
28.10 
28.20 
28.30 
28.30 
28.20 
28.30 
28.20 
28.10 
28.10 
28.00 
28.10 
27.90 
28.00 
28.00 
28.00 
28.10 
27.90 
28.00 
28.10 
27.80 
27.90 
28.00 
28.10 
27.90 
28.00 
27.90 
27.90 
28.00 
28.00 
28.00 
28.10 
27.90 
28.00 
27.90 
27.90 
27.80 
27.80 
28.00 
27.80 
27.80 
27.80 
27.80 
27.90 
27.60 
27.60 
27.90 
27.90 
27.70 
27.80 
28.00 
27.80 
27.80 
27.90 
27.70 
28.00 
27.80 
27.70 
27.90 
27.70 
27.80 
27.60 
27.60 
27.90 
27.60 
27.80 
27.60 
27.70 
27.50 
27.60 
27.50 
27.50 
27.70 
27.80 
27.60 
27.50 
27.80 
27.80 
27.70 
27.40 
27.30 
27.40 
27.90 
27.90 
27.60 
27.80 
27.80 
27.70 
27.50 
27.80 
27.70 
27.70 
27.60 
27.40 
27.60 
27.40 
27.60 
27.50 
27.60 
27.40 
27.50 
27.10 
27.30 
27.20 
27.40 
27.50 
27.50 
27.50 
27.60 
27.40 
27.60 
27.50 
27.60 
27.60 
27.30 
27.30 
27.50 
27.40 
27.40 
27.20 
27.30 
27.30 
27.30 
27.30 
27.40 
27.80 
27.80 
27.50 
27.30 
27.30 
27.70 
27.70 
27.60 
27.70 
27.70 
27.80 
28.10 
28.20 
28.20 
28.20 
28.10 
28.30 
28.30 
28.40 
28.60 
28.70 
28.80 
29.00 
29.10 
29.20 
29.40 
29.30 
29.30 
29.40 
29.40 
29.40 
29.40 
29.50 
29.50 
29.50 
29.60 
29.60 
29.70 
29.90 
29.90 
29.70 
29.20 
29.20 
29.90 
30.00 
30.10 
30.30 
30.20 
30.10 
30.10 
29.50 
30.00 
30.20 
30.10 
30.10 
29.60 
29.50 
29.40 
29.20 
29.20 
29.00 
28.60 
27.80 
28.40 
28.50 
27.70 
27.80 
27.70 
28.10 
28.50 
28.20 
27.80 
26.90 
26.50 
26.10 
26.00 
25.40 
24.90 
25.00 
24.50 
24.00 
23.80 
23.50 
23.70 
23.40 
23.30 
22.70 
22.40 
22.80 
21.80 
20.20 
20.20 
17.70 
33.80 
34.40 
31.50 
30.00 
19.10 
16.90 
12.80 
15.10 
14.90 
13.60 
15.20 
15.20 
13.70 
14.30 
14.00 
13.40 
13.20 
13.20 
13.20 
14.30 
12.90 
13.70 
14.80 
13.40 
14.40 
13.30 
13.60 
13.00 
13.70 
13.30 
12.80 
13.90 
14.50 
13.80 
13.10 
14.20 
13.20 
13.30 
12.90 
13.00 
12.80 
13.50 
13.40 
12.60 
13.70 
13.20 
13.10 
13.70 
13.50 
12.40 
13.60 
13.20 
14.10 
13.30 
13.60 
12.60 
12.70 
12.30 
12.70 
12.70 
12.50 
12.50 
13.90 
12.80 
12.30 
11.90 
13.10 
13.20 
13.50 
13.60 
14.00 
14.10 
13.50 
13.50 
12.60 
12.80 
12.80 
13.90 
13.70 
13.10 
13.70 
13.20 
13.00 
12.00 
12.10 
12.10 
12.20 
12.20 
12.20 
12.40 
13.40 
13.40 
13.60 
13.40 
13.40 
12.50 
13.50 
13.40 
12.60 
12.40 
13.40 
12.30 
13.30 
13.00 
13.10 
12.70 
12.00 
13.30 
13.50 
13.10 
13.00 
13.10 
13.20 
13.00 
13.50 
11.80 
13.20 
13.40 
13.40 
13.40 
13.00 
13.80 
13.00 
12.00 
13.80 
13.00 
13.60 
13.40 
13.20 
12.00 
11.60 
11.60 
11.80 
11.90 
12.70 
12.10 
12.50 
12.40 
12.30 
12.50 
13.10 
12.70 
13.20 
11.90 
11.60 
13.20 
13.00 
12.80 
11.20 
12.60 
12.50 
10.20 
9.80 
9.60 
9.60 