20090101
20091231
13.9546
13.7835
13.6694
13.4983
13.3272
13.3272
13.1561
13.4983
14.7530
16.4639
17.3764
18.2888
18.5170
18.8021
19.0302
18.9162
17.9467
16.0076
15.8936
14.8670
14.9241
14.8670
14.6389
14.4108
14.3538
14.1827
13.7264
13.3272
13.0991
12.7569
12.4147
12.5288
14.5249
15.8936
17.0912
17.4904
17.7756
17.7756
18.3459
18.0607
16.9771
15.0381
14.6959
14.4108
14.6959
14.2397
15.2662
14.3538
14.4108
13.6694
13.4413
12.9280
13.0421
12.5858
12.6999
13.7835
14.4108
15.3233
17.6045
18.1748
17.2053
18.5170
18.0037
18.0607
17.2623
15.2092
14.9811
14.9811
14.2397
14.0686
13.9546
14.2967
14.8100
14.4108
14.5249
14.2397
14.2397
14.0686
14.4678
14.2967
15.8936
18.0037
19.4294
19.2013
20.1708
21.1403
20.7982
20.6271
19.4865
17.3764
17.2053
17.7756
15.0381
15.1522
15.2662
15.0952
17.4904
17.3764
16.6920
16.0647
16.6350
16.1787
15.5514
15.7795
17.6615
18.8591
19.6576
19.7716
20.4560
20.8552
21.1403
20.5130
19.5435
17.9467
17.5474
17.5474
18.1177
18.0607
17.8326
17.8326
16.4068
16.5779
16.5209
16.6920
16.5779
16.5779
16.5209
16.4639
17.6615
19.0873
19.3724
20.1138
20.6841
21.4825
20.9122
20.6841
20.0568
18.3459
17.8326
17.7185
17.6045
17.4904
17.3193
16.8061
16.4068
16.0076
15.5514
15.1522
14.6959
14.2967
14.0686
14.1256
15.0381
16.0076
17.6045
18.0037
18.5170
18.4029
18.3459
17.8326
17.3193
16.6350
15.8365
15.7225
17.8896
17.3764
16.8631
16.8061
13.8975
13.5553
13.3843
13.0991
12.8140
12.8140
12.9850
13.2132
14.4108
16.1217
16.9771
17.2623
17.3193
19.0302
18.3459
17.6615
17.1482
16.3498
15.8936
15.6084
15.2662
14.9811
14.4678
14.3538
14.1256
13.8975
13.7264
13.3843
13.0991
12.8140
12.1296
12.3577
13.4413
15.0381
16.5209
15.8936
16.9771
18.4029
17.7185
17.7185
17.1482
15.8365
15.5514
15.2092
15.4373
15.0381
14.6389
14.2397
13.8405
13.4983
13.3272
13.0421
12.8710
12.5858
12.4718
12.6999
13.6694
14.6389
16.5779
16.4068
18.2888
18.6880
18.1748
18.0607
16.9201
14.7530
14.0686
13.6694
14.9811
14.8100
14.5819
14.2397
12.5858
12.3577
12.0155
11.8444
11.3882
11.3882
11.0460
11.2741
14.0686
15.0381
16.2928
17.2053
17.5474
18.2318
18.3459
18.0607
17.2053
14.8100
14.1256
14.0686
13.4413
13.8975
13.3272
12.9280
14.3538
13.5553
13.5553
14.1827
14.0686
13.6694
13.4413
14.2397
14.9811
16.0647
17.4334
18.8591
19.7716
19.5435
19.9427
18.4599
17.9467
17.0912
16.2928
16.1787
14.1256
14.0116
14.0116
13.4983
14.4108
13.9546
13.5553
13.2702
12.7569
12.5858
12.3007
12.3577
13.4983
15.6655
16.1217
17.2053
17.7185
18.0607
18.0607
18.0037
16.9201
15.1522
14.4678
14.0686
16.1217
15.8365
15.3803
15.0952
13.5553
13.0421
12.3007
12.3007
12.6429
12.0726
12.3007
12.6999
13.5553
14.6959
15.8936
17.2623
17.6615
17.8896
17.9467
17.8896
16.8631
14.8100
14.2397
14.4108
14.6389
14.5819
14.2397
13.9546
13.6694
13.6694
12.9850
12.5858
12.3577
12.3007
12.3007
12.5858
14.5819
16.0076
17.2623
18.2888
18.2888
18.4029
18.5170
18.2888
17.4334
15.2662
14.8100
14.6959
13.9546
13.9546
13.8405
13.6694
13.7835
13.7264
13.1561
13.0421
12.6999
12.6999
12.6429
12.3007
14.2397
15.8365
18.4599
18.5170
19.5435
19.9427
20.1138
19.6576
18.9162
16.6350
16.0647
15.9506
14.5249
14.6389
14.2967
14.0116
14.9241
14.5249
14.2967
14.1827
14.1256
13.7835
13.5553
13.8975
15.4944
17.3764
18.9732
20.1708
20.6271
20.9122
20.9692
20.9692
20.1138
17.9467
17.4904
17.1482
15.6084
15.6655
15.3233
15.2092
15.7225
15.4944
15.2662
15.4944
15.2662
15.2662
15.1522
15.4373
16.9771
18.3459
20.5700
21.4255
22.2239
22.3380
22.5091
22.2809
21.5395
19.3724
18.5740
18.4029
17.0912
16.6350
16.6350
16.2358
17.9467
17.6615
17.0912
17.0912
16.7490
16.9771
16.6350
16.6350
18.9162
19.6005
20.2279
21.1403
22.6231
23.4215
23.5356
23.1364
22.7372
20.6271
19.2013
18.8591
18.2888
18.1748
18.0607
18.1177
18.4029
18.2318
17.9467
18.0607
17.8896
17.9467
17.7756
17.7185
18.2888
19.7146
20.0568
20.7982
20.7411
20.6271
21.3685
21.1403
20.5130
19.5435
19.0302
19.0873
18.6880
18.6880
18.4029
18.6310
18.8591
19.0302
18.8591
18.3459
18.7451
18.6310
18.3459
18.6880
18.9732
20.5130
19.7146
21.0833
20.2279
21.1403
20.3989
20.0568
19.4294
18.8591
18.4599
18.2888
19.0302
19.1443
18.8591
18.8021
17.2053
16.5209
16.6920
15.8936
15.4373
15.3233
14.9241
15.0381
16.8631
17.9467
19.3154
20.5130
21.0833
21.0263
21.3114
21.4825
20.2279
18.7451
17.8896
18.2318
18.1177
17.8326
17.4904
17.3193
17.7756
17.4904
17.2623
16.9201
17.4904
17.2623
16.9201
16.9201
17.2053
18.0037
17.8326
17.6615
17.7185
17.7756
17.4334
17.2053
16.6920
16.1217
15.5514
15.0381
18.6880
18.1748
17.3193
17.4904
13.2132
12.9850
12.5858
12.4718
12.1296
12.1296
11.9585
12.0726
12.1866
12.1866
12.6429
12.5858
12.5288
12.5288
12.9850
12.5858
12.5288
12.4147
12.3007
12.3007
14.4678
14.0686
13.7835
13.4983
11.9015
11.9015
11.9015
11.9015
11.8444
11.9015
11.9585
12.0155
12.2437
12.3577
12.7569
13.0421
13.2132
13.0421
13.3843
13.3843
13.1561
13.0421
13.0991
13.1561
12.2437
12.1296
11.9015
11.9585
13.1561
13.1561
13.1561
13.1561
13.2132
13.2132
13.2132
13.1561
13.2702
13.3272
13.3843
13.4983
12.8710
12.6429
12.6429
12.6429
12.4718
12.1866
12.1866
12.1866
13.1561
13.1561
13.1561
13.0991
11.9585
12.0155
12.0155
11.9585
11.9015
11.9015
11.8444
11.9585
12.0726
12.3577
12.5858
12.8710
12.8710
13.2132
13.0421
12.9850
13.0991
12.9280
12.8140
12.9280
12.1866
12.0726
12.0726
12.1296
12.9280
12.9280
12.9280
12.9280
12.9850
12.9850
12.9850
13.0991
13.2702
13.4983
13.4413
13.8975
14.0116
14.0116
14.1256
14.0686
13.8975
13.7835
13.8405
13.8975
12.9280
12.8710
12.8140
12.8140
14.1827
14.3538
14.3538
14.4108
14.4108
14.5249
14.6389
14.7530
14.9811
15.2662
15.3803
15.3233
15.6084
15.8936
16.2928
16.4068
16.0647
15.8365
15.7225
15.6655
13.9546
14.0116
14.0686
14.1256
15.0952
14.4678
14.0686
14.0686
13.6694
14.0116
13.9546
13.5553
15.6084
16.9201
18.2318
18.9162
19.2583
19.2013
19.8857
19.8286
19.1443
17.1482
16.5209
15.7225
15.6084
15.4944
15.3803
15.3233
14.6959
14.4678
14.1827
14.3538
14.1256
13.7264
13.3272
14.1256
15.2662
16.5209
18.2318
17.7756
18.4599
19.3154
19.3724
18.7451
18.5740
17.7185
17.2053
16.9201
15.3233
15.3233
15.0381
14.6959
16.4639
16.4068
16.2358
16.2928
15.8936
15.8936
15.8936
16.4068
17.3193
19.1443
19.7716
20.4560
20.9692
21.7677
21.7677
21.3685
21.1974
18.9732
18.4029
18.0607
16.9201
16.9771
16.9771
16.9201
18.1748
17.8896
17.6045
17.6615
17.6045
17.8896
17.8896
18.1177
18.5740
19.2583
20.1708
21.0263
22.9083
22.9083
23.5926
23.1364
22.1098
19.9997
19.1443
18.8021
17.7756
17.7756
18.1748
18.1177
18.0037
18.0607
18.1177
17.7756
17.5474
17.4904
17.2623
18.0607
19.2013
21.3685
21.9388
22.9653
23.1934
23.7637
23.9918
23.6497
23.1364
20.9692
19.9997
19.6576
18.9162
19.1443
18.5170
18.5170
18.6880
18.3459
17.6045
17.6615
17.4334
17.3764
17.2053
17.2623
18.8591
20.6841
21.8247
22.7372
22.8512
23.4786
23.8207
23.2504
22.9653
20.5700
19.4294
19.2583
19.3154
19.2013
20.1138
19.0873
18.2318
17.9467
17.7756
17.1482
16.8631
16.8061
16.6920
17.1482
18.8021
19.8857
21.6536
22.2809
23.1934
23.4786
24.1629
23.6497
23.0223
20.8552
19.9427
19.6005
18.9162
18.6310
18.6310
18.9732
18.5170
18.4029
17.9467
18.2318
18.3459
18.0607
17.6045
17.7185
18.4599
19.9427
21.0263
21.7106
21.9388
22.2239
22.2809
22.5091
21.4825
19.9427
19.0873
18.8021
19.4294
19.2583
19.1443
18.8591
17.7756
17.7756
17.3764
17.2623
17.2053
17.6045
17.7185
17.7756
18.5740
19.4865
20.7411
21.7106
22.3380
22.4520
22.6231
22.2809
21.8247
20.1708
19.2583
18.9162
18.6310
18.4599
18.1748
17.8326
18.2318
17.6045
17.6615
17.5474
17.5474
17.2053
16.9771
17.2623
18.5740
20.7982
22.1669
22.9653
23.7067
23.7067
24.2200
23.5356
22.9653
21.3685
20.2849
19.8857
18.7451
18.6310
18.5740
18.6310
19.4294
18.5740
18.3459
18.3459
18.2888
17.7185
17.4334
18.1748
19.8857
21.5395
23.2504
24.1059
24.6192
25.3035
24.5621
23.6497
23.7637
21.5966
20.6841
20.3419
19.7716
19.4865
19.6005
19.7146
19.8286
18.9162
18.6310
18.4029
18.4599
18.1748
18.1177
18.1177
19.3724
21.6536
22.7372
22.6801
23.5356
24.0489
24.2770
23.9918
23.5356
21.4255
20.5700
20.2849
20.5700
20.0568
19.9997
19.9427
19.6576
18.8591
18.7451
18.6310
18.0607
17.7756
17.6615
18.0037
18.4029
18.8591
19.8857
22.3950
22.1098
22.2809
22.6801
22.3950
21.5395
20.4560
19.6576
19.3724
19.9997
19.9427
19.7146
19.6576
19.2013
18.7451
18.6310
18.4599
18.2318
18.7451
18.8021
19.3154
19.8286
20.4560
22.2809
22.8512
23.0223
24.2770
24.8473
23.3075
23.1364
22.5661
21.8817
21.2544
19.2013
20.3419
19.9997
19.7146
20.7411
20.6841
20.7411
20.9122
20.9122
20.9122
21.0263
21.1974
21.8247
22.4520
23.1364
23.4786
26.9004
27.0715
27.7558
27.0144
25.8168
24.4481
23.5356
23.0794
20.9122
20.9122
20.7982
20.7982
21.5395
21.4255
21.2544
21.0263
21.0263
21.0263
21.0263
21.1403
21.9958
22.2239
22.5661
22.8512
22.8512
25.3035
24.6192
24.1629
23.8778
22.8512
22.2239
21.8247
22.6801
22.1669
21.7677
21.4255
21.3685
21.0833
20.9692
21.0263
21.0833
21.0263
21.0833
21.1974
21.4255
22.2809
22.7372
26.0449
26.1019
25.1895
25.1895
26.1019
24.3340
23.9348
23.2504
22.8512
21.6536
21.4255
21.5966
21.5395
21.9388
21.8817
21.7106
21.1974
21.0263
20.8552
20.6841
20.6841
21.3114
21.8247
21.5966
21.8247
23.0794
25.7598
24.3910
24.1629
23.3645
22.5661
22.3950
22.2239
22.5661
22.3950
22.2809
22.1098
20.4560
20.1708
19.9997
19.4865
19.4294
19.2013
18.9162
18.9162
18.9162
18.9162
19.0873
19.7146
20.5700
20.1708
20.7411
20.7982
20.5130
20.1138
19.6576
19.3154
21.6536
21.3685
21.0263
20.7411
18.8021
18.8021
18.8591
18.8591
18.8021
18.7451
18.7451
18.9162
19.5435
20.2279
20.5700
21.9958
22.2809
22.6801
23.4786
23.1934
22.6231
21.0263
20.1708
20.2279
19.0873
18.9732
18.9162
18.8021
19.6005
19.5435
19.3154
19.0873
19.0873
19.0873
19.0873
19.2013
20.0568
20.4560
22.1669
21.0833
23.2504
23.2504
23.7637
24.1059
23.0223
21.9388
21.3114
21.0833
20.6841
20.5130
19.8857
19.5435
20.2279
20.7411
20.5700
19.6005
19.0873
18.3459
17.8896
17.4334
17.5474
17.4334
17.4334
18.5170
18.5740
19.0873
19.6576
18.9732
18.7451
18.4029
17.9467
17.9467
20.6271
20.6271
20.6271
20.1138
16.8631
17.3193
17.3764
17.4904
17.4904
17.4334
17.3193
17.3193
17.7756
18.2888
20.0568
20.7982
21.6536
21.4255
20.8552
20.1708
20.0568
19.6576
19.4294
19.1443
17.8326
17.3193
16.8061
16.6350
18.9732
19.0302
19.0302
19.1443
19.3724
19.2583
19.3724
19.3724
19.7716
20.8552
20.8552
20.6841
20.7982
20.7982
20.8552
20.6841
20.4560
20.3989
20.3989
20.5130
18.9732
18.8591
18.8591
18.8591
21.7106
21.5395
21.6536
21.4255
21.0263
20.8552
21.1403
21.1974
21.5395
22.0528
23.1364
23.7637
24.7903
26.8433
26.5582
25.0184
24.5621
23.9918
23.0794
22.7942
20.6841
21.5966
21.6536
21.6536
21.8817
21.7677
21.8247
21.8247
21.8817
21.9388
21.8817
22.4520
23.2504
24.1629
25.4746
25.9879
27.6418
28.7253
27.1855
27.4707
26.3871
25.0754
24.3340
23.6497
22.4520
22.1669
22.0528
21.8817
21.9958
22.0528
21.9388
21.8817
21.7106
21.5966
21.6536
21.9388
22.7942
22.3380
23.8207
25.1324
25.0184
24.7903
24.4481
24.2200
24.3910
23.7067
23.0794
22.7942
23.1364
22.6231
22.3950
22.3380
21.6536
21.3685
21.3685
21.1974
21.0263
20.7982
20.9122
21.3114
21.7677
22.6801
23.3075
23.7637
25.0754
25.1895
26.4441
25.5887
25.5316
23.7637
22.3950
21.8817
22.5091
22.3950
22.1669
21.7677
21.5966
21.3114
20.9692
20.3989
20.5700
20.7982
20.7982
21.1403
21.8817
22.1098
23.4215
22.9083
24.7903
24.9043
24.5051
24.4481
24.0489
22.9653
22.2239
21.4255
22.3950
22.1098
21.8247
21.7106
19.0873
18.9732
18.7451
18.5170
18.4029
18.2318
18.1177
18.0607
18.1177
17.6045
17.6615
18.0037
18.1748
18.1177
18.1748
18.4029
18.1177
18.0607
17.6045
17.2053
20.7411
20.0568
19.5435
19.2013
15.6655
15.4373
15.2092
15.2092
15.0952
14.9811
14.9241
14.9811
15.0381
14.9241
15.2092
15.2662
15.2662
15.3233
15.4373
15.3233
15.0381
14.8670
14.8100
14.9241
16.9771
16.8061
16.4639
15.7795
14.6959
14.7530
14.6959
14.7530
14.6959
14.6959
14.6959
14.6959
14.9241
15.0381
14.8670
15.0952
15.2092
15.3803
15.4944
15.4944
15.3803
15.2662
15.2092
15.1522
14.7530
14.8670
14.8100
14.8100
14.9811
14.8670
14.8670
14.7530
14.8100
14.8100
14.8100
14.8100
14.8670
15.0952
15.0952
15.5514
15.7225
16.0076
16.0076
15.8936
15.8365
15.7225
15.4373
15.2662
15.0381
14.9811
14.9811
15.0381
14.9241
14.9811
14.8100
14.7530
14.6959
14.6959
14.6389
14.8670
15.0381
15.3803
15.6655
15.6084
15.7225
15.5514
15.5514
15.6655
15.6084
15.6655
15.6655
15.7795
15.2662
15.0952
15.0381
15.0381
16.1217
16.2358
16.2928
16.3498
16.5209
16.5779
16.6920
16.8061
17.0912
17.2053
18.1748
18.5170
19.7146
19.2583
19.3724
18.8591
18.0037
17.3193
16.6350
16.3498
15.8365
15.8936
15.9506
16.0076
15.0381
15.0381
14.8670
14.8670
14.7530
14.6959
14.4678
14.5249
14.8100
14.5249
15.1522
15.4944
15.9506
15.5514
15.4373
15.3233
15.4373
15.4373
15.3233
14.2967
16.2358
16.0647
15.4944
15.4944
14.3538
14.5249
14.5249
14.4108
14.3538
14.2967
14.3538
14.2967
14.0686
15.4944
15.6084
15.3803
15.3233
15.0952
15.3803
15.6655
15.3803
15.1522
15.0952
15.2662
14.3538
14.2967
14.3538
14.2967
15.2092
15.1522
15.0952
14.8670
15.0381
15.0952
15.0381
14.8100
14.9811
15.0381
15.0952
15.2662
15.2662
15.1522
15.0381
15.1522
15.1522
15.2662
15.3233
15.2662
15.3233
15.2092
15.0952
15.2092
15.4373
15.4944
15.5514
15.4944
15.6084
15.5514
15.5514
15.8365
17.0342
17.3193
18.9732
19.5435
20.2279
20.0568
20.5130
20.4560
20.4560
18.2318
17.3193
17.0912
15.2662
15.3803
15.3803
15.4373
16.6920
16.8061
16.8061
17.1482
17.0912
16.7490
16.2928
16.5209
16.9201
16.9771
16.8631
16.9771
17.2053
17.4334
17.4904
17.6045
17.4904
17.4904
17.4334
17.4904
17.0342
16.7490
16.6350
16.2928
17.5474
17.5474
17.4334
17.0912
16.8631
16.8061
16.9771
17.3764
17.4904
17.8326
18.2318
18.4599
18.7451
18.8021
18.8021
18.9732
18.8591
18.6310
18.5740
18.5170
17.3764
17.4904
17.3764
17.1482
18.4599
18.6310
18.6880
18.7451
18.8591
18.8591
18.9162
18.9162
18.9162
18.9162
19.0873
19.7146
20.3989
20.5130
20.5700
20.4560
20.5700
20.2849
20.2279
20.1138
18.7451
18.8021
18.9162
19.0873
20.1138
20.2849
20.0568
20.1708
19.9997
19.8857
19.8286
19.9427
20.3989
20.5700
20.5700
20.3989
16.9201
15.6655
15.2092
14.6389
14.4108
14.2967
13.7264
13.7835
20.2849
20.0568
19.9427
20.1708
13.8975
13.9546
13.7835
13.6124
13.4983
13.0991
13.2132
14.2397
14.5819
15.4373
16.4639
18.8591
19.2583
19.3724
19.5435
19.4865
19.1443
17.0912
15.8365
15.4944
13.9546
14.1256
14.1256
14.0686
14.9241
14.6389
14.5249
14.2397
14.1827
14.0116
14.1827
15.4373
17.2053
18.2888
19.0873
20.2279
20.8552
21.3114
21.5966
21.5966
20.9122
18.8591
17.7756
17.5474
15.3803
15.3803
15.1522
14.8670
17.0342
17.4904
17.1482
16.6350
16.1217
15.7225
15.6655
17.2053
18.0037
19.4865
21.1403
21.8247
22.3380
22.5661
23.0794
23.4215
22.9083
21.0833
19.9427
19.5435
17.5474
17.2623
16.9771
17.2053
19.6005
19.4294
19.0873
18.4029
18.5170
18.9162
18.7451
18.9732
19.8857
19.7716
22.5091
23.7067
23.7637
23.5356
22.9083
22.7942
22.6231
22.1098
21.3685
21.0263
19.5435
19.2013
18.8021
19.4294
20.5700
20.3419
20.2279
20.1138
20.1708
20.1138
20.1138
20.2849
21.0263
21.8247
24.1059
23.3645
23.5926
24.3910
24.4481
23.9348
23.5926
22.7942
22.2809
22.0528
21.4825
21.2544
21.0263
20.7411
21.3114
20.7411
20.7411
20.1138
20.1708
20.2849
20.5700
21.0833
21.5966
22.4520
23.8778
23.1364
24.1059
24.4481
24.9613
24.3340
24.4481
23.3645
22.7372
22.1098
21.8247
21.7106
21.4825
21.4255
20.5700
20.6271
21.0263
20.9122
21.0833
20.7411
20.6841
20.7982
21.7677
23.2504
23.7067
24.2770
24.8473
25.0754
25.7027
23.7067
24.0489
23.1364
22.4520
23.0223
21.5395
21.4255
21.0263
20.6271
22.1669
21.9388
21.8817
21.7106
21.7677
21.8817
21.9388
21.9388
22.2239
22.3950
23.4215
23.8207
23.3075
23.8207
22.7372
22.5661
22.6231
22.6801
22.5091
22.6801
22.9083
22.7372
22.3380
22.3380
22.4520
22.3950
21.8817
21.7106
21.6536
21.6536
21.6536
21.7677
22.6231
23.4786
24.1059
24.5051
24.1629
24.0489
24.5621
24.7332
24.6192
23.9348
23.5926
23.4786
22.3950
22.4520
22.2809
22.3380
22.5091
22.4520
22.2809
22.2809
21.8247
21.7677
21.8247
22.3380
23.2504
23.7637
25.3035
24.5051
24.5051
24.2770
24.2200
24.3910
23.7637
23.7637
23.6497
23.5926
23.3645
23.1364
23.0223
22.7372
22.8512
22.6801
22.6801
22.5661
19.4294
18.9162
18.9162
19.1443
19.3154
19.6576
20.2279
20.6271
20.5130
20.9122
20.6841
20.2849
20.0568
19.7716
19.6576
19.6576
23.4215
23.2504
22.9083
22.8512
19.2013
18.1748
17.8326
17.9467
17.8896
18.0037
18.2318
18.2888
18.2888
17.3193
17.5474
17.5474
17.4334
17.8326
18.0607
18.5740
17.9467
17.7185
17.1482
16.9201
19.6576
19.6576
19.5435
19.3154
17.7756
17.6045
17.4904
17.5474
17.4904
17.6045
17.8896
17.8896
18.3459
18.5170
18.8591
19.1443
19.5435
18.7451
18.6310
18.5170
17.9467
17.8326
17.9467
18.0607
17.2053
17.3193
17.3764
17.6615
18.0607
18.0037
17.8326
17.9467
18.0607
18.0607
18.0607
18.1177
18.1748
18.4029
18.4599
18.9732
19.3724
19.7716
19.3154
19.6005
19.4294
19.4294
19.3154
19.4294
18.0037
17.8326
17.9467
18.0037
19.3724
19.4294
19.4294
19.6005
19.6005
19.6576
19.6576
19.7716
19.9997
20.2279
20.5130
21.5966
23.9348
24.4481
24.1629
20.1708
19.9427
19.9427
19.8857
19.8857
19.3724
19.4294
19.4294
19.3724
20.2279
20.2849
19.7146
19.0873
18.7451
18.1177
17.9467
18.1748
18.1177
18.1177
18.2318
18.6310
19.2583
19.4865
19.8286
19.8857
19.4294
18.9732
18.8591
19.1443
19.8857
19.9427
19.9997
20.1138
18.2318
18.0607
17.8896
17.7185
17.6615
17.5474
17.4334
17.4904
17.6045
17.6615
18.1748
18.1748
18.0037
18.2888
18.1748
18.0607
17.8896
17.8326
17.6045
17.3193
18.6880
18.5170
18.2888
18.2318
16.5779
16.5779
16.6350
16.6350
16.6920
16.6920
16.7490
16.8061
17.4904
17.5474
18.3459
18.9162
19.0302
17.6045
17.7185
17.3764
17.4334
17.4334
17.4904
17.5474
17.2053
17.2623
17.1482
17.0342
17.6045
17.5474
17.4334
17.3193
17.2623
17.2623
17.2053
17.1482
17.4904
17.9467
18.8591
19.0302
19.2013
19.4294
19.6576
19.0302
19.0302
18.6310
18.2888
18.0607
17.5474
17.5474
17.6615
17.6045
17.7756
17.6615
17.6615
17.5474
17.3193
17.0342
16.6350
16.6350
16.9771
17.5474
18.1748
18.4029
18.7451
19.0873
18.9162
19.2583
19.0302
18.8021
18.5170
18.2888
18.2318
18.1748
18.0037
17.8896
18.5170
18.5740
18.5170
18.4599
18.2888
18.4599
18.4599
18.4599
18.6310
18.7451
18.9162
19.8857
19.6576
19.6576
19.9997
19.8286
19.7146
19.3724
19.2013
19.2013
18.3459
18.4599
18.5170
18.4029
19.2013
18.8591
18.6880
18.4599
18.5170
18.5170
18.6310
18.6880
18.8021
18.8591
19.0302
19.1443
19.2583
19.4294
19.3724
19.6005
19.6005
19.5435
19.3724
19.3154
19.3154
19.2583
19.2583
19.3724
19.3724
19.3154
19.3154
19.3724
19.4294
19.3724
19.4865
19.5435
19.7146
19.5435
18.9732
19.6005
19.8857
20.2849
20.8552
20.6271
20.3419
19.7716
19.6005
19.3724
19.3724
19.3724
19.3724
19.3724
18.0607
17.8326
17.7756
17.2053
16.7490
16.5779
16.8061
17.3193
18.1177
18.8021
19.4294
20.1708
20.1708
20.7411
19.4865
19.5435
19.0873
18.0607
17.7185
17.6045
19.2583
18.7451
18.5170
18.2318
17.4904
17.4904
17.5474
17.4904
17.1482
17.1482
17.3193
17.8326
17.7756
18.1177
18.7451
19.7146
21.2544
20.8552
20.7982
20.6271
21.1974
19.9997
18.8021
18.2318
17.5474
17.4904
17.4904
17.4904
18.0607
18.2318
18.6310
18.6880
18.6310
18.7451
18.8021
18.9732
20.2849
20.5700
21.5395
23.0794
23.1364
23.1934
22.6801
21.8817
21.9958
21.3685
20.6271
20.5130
18.0037
17.9467
17.8896
18.0037
19.9997
19.9427
19.8857
19.7146
19.5435
19.4294
19.3724
19.1443
19.2583
20.2279
21.1974
21.9388
21.8247
22.4520
22.1098
21.4255
20.3989
19.9997
19.3724
19.3724
20.3419
20.3419
20.1138
20.0568
18.7451
18.4599
18.1748
18.1748
18.2318
18.4599
18.5170
18.8021
19.4294
19.7146
19.7716
21.4255
21.5395
21.5395
21.4825
22.3380
21.7677
21.0833
20.0568
19.9427
19.2583
19.1443
19.0302
18.9162
19.7146
19.6005
19.2013
19.6005
19.2583
19.3724
18.9732
20.0568
21.6536
23.2504
24.2200
24.6192
24.9043
24.1059
25.0754
23.7067
23.3075
22.8512
21.8247
21.8817
19.9427
19.8286
19.7146
19.7716
20.4560
20.1708
20.1708
19.9997
19.9427
20.0568
19.8286
20.5130
21.0833
21.8817
22.2809
22.5661
22.5091
22.7372
22.2239
22.3380
21.8817
21.5966
21.1974
21.1974
21.6536
21.3685
20.4560
20.5700
20.5700
21.0263
21.0833
21.0263
21.1974
21.2544
21.3114
21.9958
22.7372
23.8207
24.6192
23.4786
22.0528
21.6536
23.8778
24.9613
24.5051
22.5661
21.7677
21.0833
21.4255
21.2544
20.9122
20.5700
20.5130
20.2849
20.1708
20.0568
20.0568
20.1138
20.3989
20.7982
22.7372
23.3645
24.6192
24.7332
25.0184
24.4481
26.5012
25.1895
26.1019
23.7067
22.7372
22.6231
20.9122
20.6841
20.7411
20.6271
21.7106
21.5966
21.6536
21.3685
21.0833
21.1403
21.4825
21.8247
22.9653
23.9348
23.7067
24.5051
24.4481
25.2465
24.7332
23.4786
23.1364
20.1138
19.9997
19.8857
22.3950
22.5091
22.0528
22.1098
19.6005
19.4294
19.3154
19.0873
18.9732
18.9162
18.9732
19.9427
20.7411
21.3685
21.6536
21.9958
22.5091
21.5966
20.2849
19.8857
20.7982
20.3989
19.9427
19.4294
19.8286
19.8857
19.8857
19.6576
19.0302
18.8591
18.9162
18.7451
18.5170
18.5170
18.6880
19.7146
20.6841
22.4520
23.7067
24.1629
24.3910
25.1324
24.7332
24.9613
24.3910
23.6497
22.4520
21.7677
19.2583
19.4294
19.2013
19.1443
21.5395
20.3419
20.2849
20.5130
20.4560
20.5130
20.5700
20.7982
21.1974
21.1403
21.0263
20.2849
19.6005
19.8286
19.8857
19.8857
19.8286
19.8857
19.9427
19.9997
21.8817
22.1669
22.1098
21.5966
20.2849
20.2279
20.2849
20.3419
20.3419
20.3989
20.5130
20.7411
20.9122
21.1403
21.3114
21.4825
22.1098
23.8207
24.2770
25.1324
25.1324
23.9918
23.7637
23.8778
20.0568
20.1138
20.1708
20.2279
23.2504
22.9653
22.3950
22.1669
22.0528
22.2809
21.9958
22.6231
22.8512
25.1324
26.1019
26.5582
26.4441
27.5277
27.4136
26.1590
25.1895
23.8207
23.5926
23.1934
23.3645
23.5926
23.3645
23.0794
22.6231
21.8247
22.2809
22.1098
21.5395
21.8817
22.0528
22.8512
22.7372
24.0489
24.2200
24.7903
25.1895
25.9309
26.1590
25.5316
25.4176
24.0489
22.5661
22.1098
22.7942
23.1364
23.0794
22.9653
21.5966
21.1974
20.9122
20.9692
21.1403
20.6841
21.0263
22.2809
22.9653
23.1934
23.9348
25.0184
24.7903
23.8207
23.4215
23.0794
22.8512
22.9083
22.3380
21.8247
21.6536
21.7106
21.6536
21.6536
21.4255
21.1403
21.1403
20.8552
20.9122
20.9122
20.9692
20.8552
20.9692
21.1974
21.7106
21.7106
22.1669
21.8247
22.0528
21.9388
21.5966
21.5395
21.4825
21.7677
21.7677
21.6536
21.8817
21.8817
21.9958
21.9958
21.7677
21.5395
21.3685
21.1974
21.1403
21.1403
21.1403
21.3114
21.2544
21.3114
21.5395
21.6536
21.7106
21.6536
21.6536
21.6536
21.7106
21.7677
21.7677
21.6536
21.7677
21.9388
21.9388
21.8817
21.8247
21.8817
21.7106
20.2849
19.8286
19.6576
19.7146
20.0568
20.2849
20.9122
21.8817
21.6536
21.3685
21.4255
21.2544
20.9692
20.7982
20.5130
21.8247
21.8817
21.9388
21.9388
19.8286
19.7146
19.6005
19.4294
19.5435
19.6005
19.6576
19.8286
20.1138
20.5700
21.0263
21.8817
21.5395
22.0528
22.3950
22.1098
21.7106
21.0833
20.3989
20.1708
20.3419
20.3419
20.2279
19.9997
19.3724
19.1443
19.0873
18.9732
18.8021
19.1443
18.9732
19.9997
21.5395
22.9083
23.5356
24.1059
23.9918
25.1324
24.6192
24.7332
23.7637
22.5661
21.4825
20.7411
19.9997
19.9997
19.7146
19.3154
19.7716
19.2583
19.2013
19.4294
19.1443
19.3724
19.2013
20.6841
21.0263
22.2809
23.2504
24.6192
24.9043
24.9613
25.4176
25.0184
24.6192
23.4786
21.7106
21.4255
20.6271
20.4560
20.2279
19.9997
19.5435
19.2583
19.2583
19.3154
19.1443
19.0873
19.1443
20.3419
21.0833
22.7942
22.7372
23.4215
23.5926
23.1364
23.7637
23.4786
22.8512
21.3114
20.8552
20.5130
20.5700
20.5130
20.3419
19.6576
19.6576
19.7146
19.5435
19.6005
19.6005
19.4294
20.2279
20.9122
21.8247
23.3645
22.9653
23.7637
24.3910
24.3340
24.2770
25.4176
24.3910
23.9348
22.4520
21.4255
19.4865
19.7716
19.4865
19.6576
21.0833
20.8552
19.9997
19.6005
19.4865
19.3724
19.7146
21.4825
23.3645
24.3340
24.4481
25.1895
26.2160
25.5887
25.9309
25.9309
25.2465
24.3340
22.2809
22.0528
21.4255
21.4825
21.2544
21.4255
21.3114
20.3989
19.8286
19.4865
19.3724
19.4294
20.3989
21.9388
23.7067
24.7903
24.7903
26.3871
27.2425
27.1285
27.5277
26.6152
26.9004
25.1324
23.1364
22.4520
21.5395
22.2239
21.6536
20.9122
22.1098
21.7106
21.8247
21.4825
21.6536
21.8247
21.8247
22.0528
22.5661
22.6801
22.2809
21.8247
23.4786
23.4786
22.2239
22.2239
23.3075
22.4520
21.7677
21.2544
22.3380
22.4520
22.9083
22.5661
20.3419
20.4560
20.3419
20.7411
20.9122
20.6271
21.5966
22.9653
24.0489
24.6762
25.5316
25.6457
25.9309
26.5582
26.7293
25.8738
25.8168
24.4481
22.3950
21.7106
21.2544
20.6271
20.6271
20.1138
21.2544
21.0263
20.6271
20.3989
20.4560
20.6841
20.9692
22.7372
22.6801
24.1629
24.4481
26.3871
27.1855
26.8433
26.5582
26.0449
25.3035
24.4481
22.6801
21.8817
21.5395
21.3114
20.8552
21.5395
21.1403
20.9692
20.4560
19.6005
19.0302
19.0873
19.7716
22.2239
22.2809
23.0223
23.2504
25.5887
23.4786
23.4786
23.4786
23.4786
23.4786
23.4786
23.4786
23.4786
21.3685
21.5966
21.2544
21.2544
20.8552
20.3419
19.6576
19.8286
19.5435
19.4294
19.7146
21.1974
22.9083
23.8778
25.0184
24.9043
24.2770
25.3606
25.7598
25.1324
24.8473
23.4215
22.2239
21.7106
20.9692
20.9692
20.9692
20.9692
20.2279
20.1708
19.7716
19.7146
19.6576
19.4865
20.9692
22.2239
23.5356
24.6192
24.7903
24.4481
25.7027
26.5012
26.9574
24.7903
26.0449
24.8473
23.5926
23.3075
21.3114
20.9122
21.9388
21.1974
21.0263
21.0263
20.9692
20.9122
20.5700
20.1708
21.2544
22.1098
23.1364
23.4786
24.9043
26.2730
26.3871
26.7293
26.1590
25.3606
25.0184
24.1059
23.4215
23.1364
23.0223
22.3380
21.8247
21.4255
21.8247
21.8817
21.7677
21.5966
21.5966
21.5395
22.1669
22.6231
22.7372
24.5051
23.0794
23.7637
23.5926
23.5356
25.1895
24.8473
23.8778
23.7637
23.2504
22.9653
22.7372
22.5661
22.0528
21.8817
22.9083
22.5661
22.3950
21.8247
21.8817
21.9388
22.2809
24.0489
25.1324
25.7598
27.0715
25.4746
25.8738
26.7293
26.3301
26.8433
27.0715
25.6457
24.1629
23.3075
22.9653
22.9653
23.0794
22.9653
22.5661
22.5661
22.4520
22.2809
21.8247
21.5966
21.9958
23.7067
24.5051
25.0184
26.1019
27.4707
28.0410
28.0410
28.7824
29.1245
28.0980
26.6152
24.6192
23.8778
23.8778
23.5926
23.2504
22.9083
23.0794
22.9083
22.5661
22.2239
22.0528
22.1669
22.8512
24.4481
25.0184
26.7293
26.9574
27.2425
28.2691
28.6683
28.4972
27.2425
26.5582
26.0449
24.7332
24.3910
23.7637
24.0489
23.8207
23.5356
22.3950
22.2809
22.1098
21.8247
21.4825
21.4255
22.1098
23.0223
24.7332
24.7332
25.8168
26.2160
27.0715
25.8168
29.2956
27.2996
25.8168
25.1895
24.2200
23.5356
23.3075
22.5091
22.2239
22.3380
21.9388
21.7677
21.4825
21.0263
21.0263
20.6841
21.1403
23.4215
24.6762
24.6762
25.3035
25.4746
25.5887
27.9269
26.1019
25.6457
26.2160
24.9613
24.1629
23.0223
22.9653
23.0223
22.5661
22.2239
22.6801
22.4520
21.9958
21.8817
21.7677
21.8247
21.7106
22.6801
22.4520
22.9083
23.5356
25.1324
25.8168
25.3606
25.2465
26.1590
25.9309
24.9043
23.6497
23.2504
22.7942
23.0794
22.4520
22.6801
22.9653
22.9653
22.3950
22.2239
22.5091
22.2239
22.7372
23.4786
24.0489
24.2770
27.0144
25.5887
23.1934
25.6457
25.2465
22.5661
22.6801
22.7942
22.5091
22.4520
23.0794
23.0794
22.7942
22.7942
22.5091
22.4520
22.5091
22.5091
22.2809
22.1098
22.1098
22.1098
22.4520
22.3380
23.3075
24.6762
24.2200
23.4786
22.9653
23.4215
23.5356
23.2504
22.9653
22.6231
22.4520
22.6801
22.6801
22.6231
22.1098
22.0528
21.9388
21.9958
21.8817
21.9388
22.0528
22.3950
22.4520
22.8512
24.2200
24.8473
25.3035
24.9613
23.7637
24.6192
24.1059
23.9348
23.3645
23.1364
22.5661
22.9083
22.5091
22.2239
23.1934
23.4215
23.0794
23.3075
23.3645
23.3075
23.3645
23.0223
22.6801
22.7942
23.0223
23.2504
23.4215
22.5091
22.5091
23.8778
22.9653
23.0223
21.9958
21.8247
22.5661
23.3075
23.3645
23.4786
21.7677
21.8247
21.9958
22.0528
22.1098
21.9958
22.2809
22.6801
23.4786
25.0754
24.7903
25.5316
27.2425
26.1590
27.0144
24.9043
23.7067
22.7942
22.6231
22.4520
21.4825
21.8247
21.8247
21.8247
22.1669
22.1098
21.9958
22.1669
22.0528
21.9388
22.1669
22.6231
22.5091
23.1364
23.3075
24.3910
24.6192
25.4746
25.1324
24.3910
23.5926
23.3075
23.1934
22.5661
22.3380
22.4520
22.4520
22.3380
22.0528
22.0528
21.9958
21.9388
21.8817
21.8247
21.8247
21.8247
21.9388
21.9388
21.8817
21.7106
21.5966
21.7677
21.8817
21.9388
21.8247
21.9388
21.9388
21.8817
22.5091
22.2809
22.2239
22.1669
21.8247
21.8247
21.7677
21.6536
21.7677
21.7677
21.6536
21.7106
21.8247
21.7677
21.9388
22.0528
22.1669
22.2239
22.1098
22.1669
22.0528
21.9958
21.9958
22.1669
21.8817
21.9388
21.9958
21.8247
21.9958
21.8817
21.8817
21.8817
21.8817
21.8817
21.8817
21.9388
22.0528
22.5091
22.4520
22.1669
22.5091
22.3950
22.9083
22.5091
22.6231
22.5091
22.3950
21.9388
21.9388
22.0528
22.1098
22.1098
21.9958
21.9958
21.6536
21.6536
21.6536
21.6536
21.9388
22.3950
23.1364
23.3075
24.6192
24.2200
26.3871
25.5887
25.4746
24.2200
26.1019
24.6192
24.2770
23.4786
21.7677
22.0528
21.9388
21.9958
22.6231
23.0794
23.0223
22.8512
22.7942
22.6801
22.7372
22.6231
22.5091
22.5661
23.9918
25.3035
25.9879
25.3606
25.1895
25.5887
24.5621
23.1364
22.3950
22.4520
23.0794
23.5356
23.2504
23.3075
22.2239
21.9958
21.8247
21.6536
21.5966
21.5966
21.5395
21.7677
21.5395
21.7106
21.7106
21.7677
21.7677
21.8247
21.9388
21.9388
21.8817
21.7677
21.5966
21.5966
22.5091
22.5091
22.3950
22.2809
21.5395
21.4825
21.4255
21.2544
21.1974
21.1403
21.1403
21.1974
20.9122
20.6271
20.5700
20.6841
20.6271
20.8552
21.2544
21.4255
21.5966
21.1974
20.8552
20.2279
21.5966
21.7106
21.6536
21.5395
20.2849
20.5130
20.5700
20.0568
20.5700
20.5700
20.6841
21.3114
21.5966
22.3380
24.0489
24.2770
24.1629
24.9043
25.3035
24.9043
24.4481
22.7942
22.1669
21.8247
20.2279
20.2849
20.3419
20.5130
20.6841
20.7982
20.7411
20.5700
20.5130
20.5130
21.4255
22.9653
24.2200
25.8168
26.5012
26.3301
25.2465
26.2160
25.5316
26.2160
25.0184
24.2200
23.4786
23.0794
21.3685
21.1974
21.1403
20.9122
22.1098
21.9388
21.7677
21.7106
21.1974
21.0263
21.4825
23.7637
24.5051
25.4176
25.3035
27.0715
28.0980
28.4402
28.4402
28.8964
27.2996
26.2160
23.9918
23.7067
22.8512
22.7942
22.3950
22.5661
22.5091
22.2809
21.9958
21.8247
22.1098
21.9958
22.7942
23.3075
23.7067
23.8207
25.6457
26.1019
24.7903
25.3606
27.6418
25.8168
25.4746
25.6457
24.7332
24.5621
24.1629
23.5356
23.0794
22.6801
23.7637
23.7067
23.6497
23.6497
23.6497
23.5926
23.7637
24.3340
24.9613
25.9309
26.9004
26.2160
27.3566
27.4707
25.8738
25.9879
25.1324
24.1629
23.6497
23.0794
24.3340
24.1059
23.9348
23.7637
21.9958
21.8247
21.8247
21.7677
21.6536
21.4825
21.3685
23.4786
23.1364
23.8778
25.5316
26.2730
27.2425
27.4707
26.5582
27.5277
27.2996
24.9613
23.5356
23.1934
22.1098
22.0528
21.9958
22.1098
22.1098
21.9958
21.7677
21.2544
21.5395
21.7106
21.8817
23.8778
25.0754
26.9574
26.9004
28.0980
28.3261
28.3261
28.6683
28.6113
28.6113
26.4441
24.2770
23.8778
22.9083
22.8512
22.4520
22.4520
22.7942
22.9083
21.9958
21.9388
21.8247
21.4255
22.1669
24.1629
25.5316
26.7863
27.9839
28.6113
28.3261
29.4667
29.8089
28.8964
28.2691
26.7863
25.5316
24.4481
23.4215
23.5926
23.1934
23.0794
22.7372
22.7372
22.6231
22.5091
22.2809
22.3380
22.7942
24.1059
24.5051
24.8473
23.0794
21.9388
22.3950
22.0528
22.1669
22.9653
22.3950
22.1669
22.0528
21.2544
24.2770
23.9918
23.4786
23.4786
22.0528
22.2809
22.5661
22.9653
23.1364
22.2809
21.7677
22.2239
22.6231
22.5661
22.7372
22.6801
23.6497
24.7903
24.2200
23.7067
23.3075
23.0794
22.8512
22.7372
21.4825
21.8247
21.8247
21.8817
22.7372
22.6801
22.7942
22.7372
22.7942
22.7942
22.9083
23.0794
23.4215
23.5356
23.4786
23.9348
23.5926
23.5356
23.8207
24.1059
24.1059
23.4215
23.1934
22.8512
22.9083
22.8512
22.6801
22.7372
23.3075
23.2504
22.9083
22.7942
22.7942
22.8512
22.9653
23.4215
23.5356
23.9348
25.1324
26.3301
27.0715
27.1855
28.0410
27.5847
26.3301
25.5316
22.6231
22.6231
22.7942
22.7372
22.7372
23.4215
22.4520
22.3380
22.3950
22.4520
22.5091
22.5091
22.6231
22.8512
22.9653
23.1934
23.9918
24.9043
24.8473
24.9613
25.3035
26.1019
22.6801
21.9388
21.8817
21.9388
22.5661
22.6231
22.5091
22.4520
21.4825
21.5395
21.5966
21.5966
21.5966
21.7106
21.8817
22.2809
22.7942
23.4786
23.8778
25.1895
26.1019
25.5316
25.6457
26.2160
25.1895
24.3910
23.6497
22.9653
21.8247
21.9388
21.8247
21.5966
22.9083
22.9653
23.3075
22.7942
22.9083
22.2809
22.3950
22.8512
23.5926
24.7332
27.1285
26.3871
27.6418
28.3261
27.2425
22.3380
22.0528
22.0528
21.9388
21.9958
23.0794
23.0223
23.0794
23.3075
22.2239
22.2239
22.2239
22.2239
22.2809
22.4520
22.7942
23.4215
23.8207
24.5621
25.9309
26.9004
25.9879
27.6988
27.4136
25.9309
24.3340
24.0489
23.6497
23.4215
21.9958
22.1098
22.1669
22.2239
23.0794
22.9653
22.8512
22.8512
22.8512
22.9083
23.0794
23.5926
24.0489
25.2465
23.5356
23.9918
24.6192
23.9918
23.9918
24.6762
24.5051
24.1629
23.5926
23.5356
23.1364
23.1364
23.0794
22.8512
22.9083
22.9083
22.7372
22.7372
22.6801
22.8512
22.9083
23.0794
23.1934
23.1934
24.3910
25.0754
25.0754
26.1019
23.2504
22.7942
23.1934
23.1364
23.0223
23.2504
23.3075
23.3075
23.1934
23.0794
23.0223
23.0223
22.9083
22.8512
22.7372
22.6231
23.1364
24.1059
24.2770
26.0449
27.1285
27.5847
25.9879
28.0410
27.8128
27.6988
28.0980
25.8738
24.7332
23.9348
23.1364
22.9653
23.0223
22.9083
23.5356
23.0794
22.6231
22.5091
22.3950
22.2809
23.1934
24.5621
25.3035
26.3871
27.4707
27.6418
28.3831
29.2386
29.9800
27.4707
28.3261
28.0410
25.8168
24.6192
24.1629
23.8207
24.1059
23.3075
24.1629
23.8207
23.3075
23.5926
23.3645
23.0794
23.8778
25.8168
26.6152
26.9004
27.4707
28.4402
28.4402
28.3261
29.0105
28.0410
28.7824
27.7558
25.7598
25.1324
25.1895
25.3035
24.7332
24.4481
24.5621
24.6762
24.3340
24.3340
24.0489
23.5926
24.4481
25.8738
26.2730
27.2425
27.5847
29.1816
28.0410
28.4972
28.6683
29.5237
27.2996
26.3301
25.7598
25.0184
24.9613
24.5621
24.9043
24.6762
23.9918
23.9918
24.2770
24.2200
24.2770
24.3910
24.5621
24.9613
26.2730
26.9004
28.2691
29.5808
29.9230
30.5503
29.6378
30.6073
28.4972
27.6988
26.5012
25.8168
24.5621
24.6192
24.1629
24.5051
24.9043
24.8473
24.7332
24.6192
24.6192
24.6762
24.9043
25.4746
26.3301
26.5012
27.7558
28.1550
28.4402
28.7824
27.8128
27.5277
27.0144
25.9879
25.8738
25.5316
25.8168
25.7598
25.4176
25.0184
23.6497
23.5926
23.6497
23.6497
23.5926
23.5356
23.3645
24.2200
25.1895
26.0449
25.9309
24.8473
25.4176
25.7027
26.7863
24.9613
24.7903
24.7332
24.3340
23.7637
24.4481
24.4481
24.2770
24.4481
23.0223
23.0223
23.0223
22.7372
22.6801
22.7372
23.0223
24.7332
26.7863
27.2425
26.7293
28.4402
27.0144
29.0675
27.6988
26.2160
26.2160
24.7332
23.9918
23.6497
23.2504
23.3645
23.2504
23.1364
23.1934
23.1364
23.2504
23.2504
23.3075
23.4786
23.7067
23.7067
23.8207
24.2770
25.1324
25.3035
24.9043
26.7293
26.1590
22.1098
22.2809
22.2809
22.3950
22.3950
23.5926
23.4786
23.5356
23.3075
22.2809
22.3950
22.4520
22.5091
22.5091
22.6801
22.9083
23.7067
23.7637
23.9348
24.6192
25.6457
26.6152
27.0144
28.3261
28.1550
27.0144
23.5356
23.2504
23.4215
22.3380
22.2809
22.3950
22.3380
22.5091
22.2809
22.3950
22.2809
22.7372
22.9083
23.1934
23.4215
24.5621
25.3606
25.2465
27.0715
27.7558
27.0144
27.9269
23.7067
23.9348
23.3075
22.9653
22.9083
23.7637
22.8512
22.7372
22.4520
23.1934
23.1934
23.2504
23.0223
23.0794
22.8512
23.0794
23.5926
24.0489
24.3340
24.4481
22.7372
23.0794
23.3645
23.3645
23.3075
23.3645
23.2504
23.0223
22.7942
22.9083
23.1364
23.2504
23.1934
22.5091
22.7372
22.7372
22.9083
22.9653
22.8512
23.5926
24.0489
24.9613
26.0449
25.5316
25.8738
26.7863
26.6722
25.4746
25.7598
25.3606
25.3035
24.8473
24.9043
22.3380
22.2809
22.3380
22.2809
24.2770
24.1059
23.9918
24.0489
23.9918
23.9918
24.3910
25.4176
24.5621
24.4481
25.0754
26.6722
25.7027
27.0715
26.5012
26.4441
26.6152
26.0449
25.5316
25.0754
24.7332
24.5051
24.6192
24.2770
24.0489
23.9348
23.9918
23.8778
23.8778
24.0489
24.0489
24.3910
24.9043
26.8433
25.9309
28.0410
28.0980
29.0105
27.2996
29.1245
27.2425
26.4441
25.8168
25.3606
24.5621
24.2770
24.1629
24.0489
24.1059
24.0489
23.8778
23.8778
23.7637
23.7067
24.2770
25.6457
25.8168
27.3566
28.1550
28.9534
27.8128
27.8699
28.0410
27.2425
26.1590
26.2160
25.4176
24.9043
25.0754
24.6762
24.5051
24.2200
24.1059
24.1629
23.9348
23.8778
23.8207
23.7637
24.0489
24.6192
25.3606
25.6457
26.0449
22.6231
24.5621
24.9613
25.5316
24.7332
24.7903
24.7332
24.5621
24.5051
24.7332
24.5051
24.3910
24.2770
24.3910
23.3645
23.4786
22.6801
22.8512
23.0794
23.1364
23.0223
22.6801
22.7372
23.0223
23.5926
23.5926
21.8817
21.9388
22.4520
22.6801
22.2809
22.1098
21.9958
24.4481
24.4481
24.3340
24.2200
21.9958
21.9958
22.1098
22.0528
21.9958
21.9388
22.1098
22.9083
22.6801
22.8512
22.9083
22.9083
23.9918
23.3645
23.4786
23.2504
22.8512
22.9653
22.9653
22.9653
21.9388
21.8817
21.8817
21.9388
21.9388
21.9388
21.9958
22.0528
22.0528
22.1098
22.2809
22.2809
22.6231
23.0794
23.8778
25.1324
26.5582
28.0980
28.0980
26.5012
25.5887
25.5316
24.8473
23.7067
22.3950
21.9958
21.7677
21.8247
23.5356
23.2504
23.2504
23.0794
22.5091
22.0528
22.7372
24.3910
26.3871
26.9574
27.5847
27.5277
28.3831
29.0675
29.4097
29.6948
28.2691
27.7558
25.1895
24.6762
23.6497
24.0489
23.7067
23.7637
23.6497
23.6497
23.1364
22.7942
22.9083
22.6801
23.6497
25.1324
25.7027
26.2730
27.1855
27.8128
28.6683
29.0105
29.2956
29.1245
29.3527
27.6418
25.5887
24.7903
24.7332
24.7903
24.5621
24.1059
23.8207
23.4215
23.3075
23.1934
22.7942
22.5091
23.1934
24.7903
26.0449
26.8433
27.5277
28.1550
28.8964
29.5237
29.3527
29.6378
29.6948
28.1550
25.4176
24.7903
25.4176
24.8473
24.2200
24.2770
24.4481
23.9918
23.6497
23.7637
23.5356
23.4786
23.9348
25.3606
26.5012
27.3566
27.2425
27.6988
29.2956
30.4362
30.2651
29.8089
29.5237
27.5847
25.7598
25.1324
24.5051
24.4481
24.5051
24.5621
24.3340
24.2770
24.4481
23.7067
23.9918
24.2770
24.3910
24.6192
26.1590
27.1855
26.8433
28.2691
26.8433
28.0410
25.3035
24.6762
25.6457
25.1324
24.9043
24.7332
24.7903
24.5621
24.7332
24.4481
23.3645
23.4786
23.2504
23.4215
23.4215
23.6497
23.5356
23.7637
24.5621
25.7598
25.7027
25.5887
27.9839
28.1550
26.7863
27.1285
26.9004
27.0144
25.1324
25.0184
22.3380
22.6231
23.0794
23.0794
23.4786
22.9653
22.6801
22.6231
22.3950
22.3950
23.7067
24.6762
25.5887
27.4707
28.3261
28.6113
28.9534
29.2956
29.2386
28.7253
28.4402
27.1285
25.5316
24.8473
23.8207
24.4481
23.7637
23.8207
24.5051
23.8778
23.8778
23.5926
23.6497
23.4786
23.7637
25.6457
27.2425
27.9839
29.2956
29.6378
28.4972
30.3792
29.4097
29.9230
29.0105
27.4136
26.4441
25.9309
24.6192
24.5051
24.5051
24.7332
24.4481
24.1059
23.8207
24.0489
23.5356
23.1364
23.7067
25.5887
26.2160
26.1590
26.2160
24.1059
23.8207
24.9613
27.2996
26.7863
27.5847
26.5582
25.9879
24.9613
25.8738
25.5887
24.9613
24.9613
24.6762
24.6192
24.7332
24.3910
24.2770
23.8778
24.0489
24.3910
24.1629
24.3910
26.6722
24.9613
27.1285
26.3871
28.3261
27.7558
27.6418
27.6418
26.1019
24.7903
24.3910
24.7903
25.0754
24.7903
23.7637
23.5926
23.5926
23.4786
23.2504
23.5356
23.8778
23.8207
25.5316
26.1590
27.6988
27.8699
28.9534
28.6113
29.1245
29.3527
28.6113
27.2996
25.7027
24.9613
24.9043
24.5051
23.8207
24.1629
24.1629
24.0489
23.5356
24.0489
23.7067
23.8778
24.7332
26.3301
27.8699
29.0105
29.2386
29.2386
30.2651
30.8354
31.2917
31.0065
29.6948
28.3261
23.8207
23.7067
24.6762
24.6762
24.5621
24.3340
23.9918
23.9918
23.9918
23.9918
23.9918
23.9918
23.9918
23.9918
23.9918
23.6497
22.5661
22.3950
23.5356
22.9653
22.9653
24.8473
24.4481
24.0489
23.5356
22.7942
22.5661
22.5661
22.8512
22.8512
23.1934
22.8512
22.7942
22.6801
22.5661
22.5091
22.5091
22.7942
23.2504
25.1895
25.8738
27.1285
28.6683
26.2160
24.9613
26.9004
28.4972
25.5316
24.7332
24.3340
23.1364
23.6497
23.8778
23.9348
23.7637
23.6497
23.4215
23.0794
22.9653
23.0794
23.8778
24.4481
26.2730
27.1285
27.6988
27.6988
28.2691
28.8394
29.1245
28.6683
26.5582
25.7598
25.0184
24.6192
24.5621
24.3910
24.0489
24.0489
24.0489
23.7637
23.8207
23.1364
22.9653
22.9083
23.4215
24.9043
25.0184
25.5316
27.4136
28.4402
27.5277
27.9269
28.0980
28.5542
27.6418
25.7027
25.2465
23.3645
24.3340
24.4481
24.2770
24.2770
23.2504
23.4786
23.5356
23.4786
23.2504
22.9653
23.6497
25.2465
25.1895
27.2996
26.7863
27.2996
28.5542
28.9534
28.0980
27.9269
27.4707
26.1590
25.2465
24.7903
23.0794
23.1934
23.2504
23.3075
24.3910
23.8778
23.8778
23.6497
23.7067
23.2504
24.2770
25.7598
26.0449
27.0144
26.5582
27.9269
28.8394
28.9534
28.1550
28.1550
29.0675
26.7863
25.2465
24.8473
24.6762
24.6762
24.6762
24.5051
24.4481
24.3340
24.2200
24.0489
24.2200
24.1059
24.2200
25.3035
26.3871
26.9574
27.6418
27.8699
28.8394
26.4441
27.4707
28.2691
27.3566
26.1590
22.9653
23.5926
24.6192
24.7332
24.6762
24.5621
24.1059
24.0489
23.9918
23.9348
23.8207
23.9348
24.2200
25.1324
25.7598
25.9879
26.2160
26.4441
27.5277
28.1550
28.2121
27.8699
26.5012
25.4176
25.1324
23.8778
23.9348
23.8778
24.0489
24.2770
23.8778
23.8207
23.8778
23.5356
23.5356
23.1934
23.7637
25.6457
26.8433
27.2996
27.7558
28.6113
29.5808
28.4402
28.3261
27.9269
26.8433
25.8168
25.4176
25.3035
23.6497
23.7067
24.0489
24.1059
24.4481
24.3910
24.3340
24.1629
24.2200
23.8778
24.2200
25.4176
24.6762
26.6152
27.0144
27.6418
27.7558
27.5277
27.4707
27.8699
23.3075
23.5926
23.4786
23.3645
25.2465
25.1324
24.6192
24.6192
23.0794
23.1934
23.1934
23.2504
23.3645
23.5926
23.5926
24.4481
24.8473
25.3606
26.0449
27.8699
27.6418
27.4707
23.9348
23.7637
23.7637
23.7637
23.7637
23.5926
23.1934
23.1364
23.1364
23.0794
23.0223
23.1364
23.0223
23.0794
22.6801
22.7372
23.0223
23.8778
23.9348
25.3035
25.7598
25.5316
23.4786
23.3645
23.9348
27.2425
25.3606
24.7903
24.2200
23.8207
23.5926
23.5926
23.5926
22.9653
23.8207
23.4786
23.6497
23.7637
23.2504
23.3645
23.0223
23.0794
23.0794
23.2504
23.4786
25.1895
26.6152
25.3606
26.2730
27.6418
26.9004
26.1019
25.0754
24.5051
23.6497
23.8207
23.9348
23.9348
23.1364
23.0794
23.0223
22.7942
22.9083
22.9083
23.4786
25.3035
26.6722
27.9269
28.0980
28.8964
28.8394
29.4097
29.5808
29.4667
29.0105
27.8699
25.5887
25.1324
24.2770
23.8207
23.5926
23.3075
23.8778
24.1629
24.1059
24.0489
24.2200
23.9918
24.4481
25.8168
27.1855
27.9839
28.5542
29.1816
29.5808
29.9800
29.9800
29.6948
29.6948
27.4136
26.1590
25.8168
24.6762
24.9043
24.3910
24.3340
24.6762
24.9043
24.4481
24.9613
25.4746
24.9043
25.3035
26.9574
27.7558
28.7824
29.0675
29.8659
29.9230
30.0940
29.7519
30.2081
29.4667
28.8394
26.7863
26.4441
25.4746
25.3035
25.2465
25.1895
25.3035
25.0184
23.9348
23.7067
23.5926
23.7067
24.1629
25.1895
25.1324
26.1019
27.1855
27.0715
26.7293
27.2425
27.6418
27.1855
26.9574
26.5582
25.7027
25.6457
25.8168
25.8738
25.7598
25.5887
23.9918
24.5621
23.3075
24.2200
24.5621
24.5621
24.5621
24.4481
24.4481
23.4215
24.2770
23.4215
23.4215
22.9083
23.3075
23.5356
23.7067
23.3075
23.8207
23.5356
25.6457
25.5316
24.9043
23.6497
23.6497
23.3645
23.0794
22.9653
22.9083
22.9653
22.9653
22.9653
23.0223
23.0223
22.9083
23.0794
22.7942
23.2504
23.7067
23.3645
22.5091
22.6801
22.9653
22.9653
23.5926
23.4786
23.3645
23.4786
23.1934
23.2504
22.9083
22.7942
22.6231
22.5661
23.1364
24.6762
25.4176
27.0144
27.8699
27.9839
28.5542
28.7253
29.0675
29.1816
28.1550
27.1855
25.5316
25.1895
23.1934
23.1934
23.3075
23.2504
24.3910
24.1629
24.0489
23.7637
23.5926
23.6497
24.2770
25.1895
26.3301
27.0715
28.3831
28.9534
27.6418
26.9574
26.9574
26.6152
26.8433
26.3871
25.9879
25.7027
25.0754
24.8473
25.4176
24.4481
25.3606
25.0754
24.2200
24.3910
24.3340
23.7067
23.9348
25.7027
27.0144
27.9839
28.4972
28.3831
28.5542
28.0410
29.3527
29.5808
28.8394
26.8433
25.9879
26.3301
25.3606
24.7903
25.3606
25.4176
25.7027
25.3035
24.6762
25.1324
24.8473
23.9348
24.2770
25.1324
25.9879
27.2425
27.8128
29.5237
30.0370
29.4667
28.0410
27.9839
26.5012
26.1590
25.7027
25.5316
24.9613
25.3035
25.4746
25.4746
25.7598
24.6192
24.2770
24.2200
24.3340
24.3340
24.5621
24.2200
24.7903
25.4746
25.5887
27.2996
27.4136
27.2996
27.7558
27.6988
26.3301
25.6457
25.0754
24.9043
25.5887
25.5887
25.7598
25.7598
23.9348
23.7637
23.8778
23.5356
22.3380
21.9958
22.5661
23.1364
24.2770
24.2770
24.2770
24.7332
24.7332
24.7332
24.5621
25.0184
24.6762
24.2770
23.7637
23.2504
24.6762
24.5621
24.3340
24.4481
23.3645
22.9653
22.8512
22.9083
23.1364
23.1934
23.3645
23.4215
23.6497
23.1934
23.3075
21.9388
22.5091
23.0794
23.0794
23.5926
23.1934
23.3645
23.1934
23.0223
23.1364
23.3645
23.3645
23.4215
23.0223
22.9653
22.9083
22.7942
22.7372
22.7372
22.9083
23.7067
25.4176
26.5012
25.7027
27.2425
27.9269
28.4972
28.2121
23.1364
23.3075
23.3645
22.9653
22.9083
23.0223
23.0223
22.9653
23.0223
23.1364
23.2504
23.4786
23.3645
23.3645
22.8512
23.3075
25.1324
25.8168
27.2425
27.8699
28.3261
28.3261
29.2956
29.9800
29.6948
29.4667
27.2996
25.7598
25.0184
23.1364
23.0794
22.9653
23.1364
24.1059
23.9348
23.7637
23.8207
23.9348
23.7067
23.8778
24.9043
25.9879
27.1855
28.0410
28.7253
28.8394
29.4667
29.3527
29.2956
27.9269
26.3301
25.7027
25.4176
25.0754
24.9043
24.6192
24.5051
24.1059
23.9348
23.8207
23.7637
23.6497
23.3645
23.6497
25.3035
26.5582
27.6988
27.5847
28.7253
28.7253
28.0410
27.4136
28.2691
26.4441
25.3606
24.6192
24.2200
25.3606
24.9613
24.6192
24.2200
23.9918
23.8778
23.3645
22.9083
22.8512
22.5661
23.5356
25.0184
26.0449
26.8433
28.2691
29.2386
29.7519
29.5237
30.6073
29.5237
29.5237
27.8128
25.1895
24.7332
24.2770
25.2465
24.5051
24.3340
24.3910
23.8778
23.5926
23.3645
23.3075
22.7942
23.7637
25.4746
27.0715
27.6418
28.5542
29.1245
29.6948
29.8659
29.9230
29.6378
30.0940
28.0410
25.0184
24.9043
24.6762
25.3035
25.1895
24.5621
24.3340
24.1059
23.7637
23.6497
23.7637
23.1364
23.4215
25.3035
26.6722
27.3566
28.3831
29.4097
29.3527
30.1511
30.0370
29.8659
29.6378
27.1855
25.3606
25.0754
24.6192
24.7903
24.4481
24.3340
24.4481
24.0489
24.0489
23.6497
23.5926
23.7067
23.7067
25.3035
26.4441
27.5277
28.8394
29.4097
29.5808
28.0410
28.2121
29.5808
29.2956
27.1285
25.3035
25.1324
24.7903
24.9613
24.8473
24.6762
24.1059
24.3910
23.6497
23.3645
23.0223
23.0223
23.5926
25.4176
26.8433
27.4136
28.0980
29.3527
30.3222
30.0940
30.1511
29.9800
29.4667
27.5277
25.4176
24.6762
25.1324
25.1324
24.7903
24.4481
24.0489
24.3340
24.1059
23.5926
23.8207
23.4215
23.4786
25.1895
26.9004
27.5277
28.3831
29.0675
30.2651
29.9800
30.7214
30.3792
30.1511
27.2996
25.9309
25.5316
24.7332
24.7332
24.6762
24.3910
23.8207
23.4215
23.1934
23.2504
23.4786
22.8512
23.0794
24.3340
26.7863
26.5012
27.8699
28.7824
29.4097
29.4097
29.2386
29.2956
29.0675
26.1590
25.4746
25.5316
24.6762
24.0489
23.8207
23.7067
21.5966
21.6536
21.7677
21.7677
21.8247
21.9388
22.2239
23.8778
25.5316
25.8168
27.6988
28.4972
29.1816
30.6073
27.5847
26.7863
25.8168
25.6457
24.6762
24.1059
23.7637
22.5091
21.9958
21.5966
23.3075
23.5926
23.3075
23.0794
23.0223
23.1364
23.4215
24.8473
26.4441
27.4136
28.1550
29.2386
29.4667
29.0675
27.8128
26.1019
26.1590
25.5887
24.6762
24.4481
23.8207
23.4786
23.3645
23.1934
23.8778
23.7067
23.4215
23.5926
23.3075
22.9083
23.5356
25.8168
26.5582
26.8433
28.3261
28.1550
30.7784
30.9495
29.9800
29.4667
29.3527
28.2691
25.9309
25.5887
24.6192
24.7903
24.6192
24.3340
24.3910
24.2200
23.5356
23.6497
23.3075
23.1364
23.5926
25.3606
26.9574
27.6988
28.8964
30.3222
29.9800
29.2386
28.9534
29.9800
29.2956
27.0715
25.6457
25.3035
25.3606
25.0754
24.9043
24.5621
24.1629
24.3340
24.2770
24.0489
23.9918
24.2200
24.0489
25.8738
27.2425
27.9839
28.8964
30.0370
31.0636
31.9190
30.6643
31.4057
29.6378
27.4707
26.1590
25.8168
25.2465
24.9043
24.7332
24.9043
24.2200
24.5621
24.4481
23.8778
24.1629
23.8207
23.9918
25.3035
25.9879
28.0410
28.4402
28.4402
29.4667
24.7903
22.6231
24.6192
25.1324
24.5051
23.9348
23.4215
25.7598
25.1324
24.8473
24.3340
22.9083
23.0794
23.0223
22.8512
22.4520
22.7942
23.2504
23.4215
24.2200
26.2160
27.0715
26.8433
28.0980
28.2121
27.9269
27.8128
27.3566
26.1019
24.6762
24.3340
23.8778
23.9348
23.7637
23.1364
24.1629
23.3645
23.4786
23.3645
23.4786
23.3645
23.3645
23.5356
24.3910
25.5316
27.2996
27.7558
28.3831
28.3261
28.3261
28.0410
27.4136
26.1590
24.6192
24.2770
23.9918
23.7637
23.4215
24.2200
23.8778
23.4786
23.7067
23.7637
23.8778
23.8207
23.0794
23.8207
25.4746
26.9004
28.0410
28.4402
27.9269
27.9839
28.7824
28.7253
27.0715
25.4746
24.6762
24.5621
24.3910
24.5051
24.0489
23.7637
23.9348
23.7637
23.3075
23.3075
23.1934
23.0794
23.7067
25.2465
26.5012
27.2996
28.6683
29.4667
29.4667
29.4097
29.6948
29.0675
28.1550
26.3871
25.0754
24.6762
24.5051
24.2200
24.0489
23.8207
24.0489
23.7637
23.5356
23.3075
23.1364
23.1364
23.3075
25.3035
26.7293
27.4136
28.2691
29.3527
29.8659
29.6378
29.7519
29.5808
29.0105
26.7863
25.4176
25.0754
24.6192
24.5051
24.2200
24.1629
24.4481
24.2770
24.1059
23.9348
23.6497
23.9348
23.9348
24.5051
24.0489
21.9958
24.7903
27.4136
29.0105
29.4097
28.9534
28.4972
28.0980
25.9309
24.6192
24.3910
25.0184
24.8473
25.0754
24.6762
24.0489
23.9348
23.8207
23.7067
23.3075
22.9653
23.1364
24.7903
26.5012
27.1285
28.8394
28.7824
29.1245
29.4667
29.0675
29.2956
28.6113
26.2160
25.1895
24.8473
24.3340
24.3910
24.4481
24.3340
24.5621
24.2200
23.7637
23.4786
23.3075
23.3075
23.3645
25.1324
26.6722
27.5277
28.2121
28.5542
29.5808
29.1816
29.4667
29.5808
29.0105
26.3871
25.4746
25.3035
24.6762
24.6192
24.7903
24.8473
24.7332
24.4481
24.2770
23.7067
23.3645
23.2504
23.3075
24.9613
26.6152
27.8128
29.2386
30.0370
30.3222
30.2081
30.8354
29.5237
28.0410
26.6152
25.9879
25.4746
25.0754
24.7332
24.6192
25.0184
24.2770
23.8778
23.8207
23.8778
23.9918
23.7067
23.7067
23.9918
23.3075
22.6231
24.2200
24.7903
26.7293
27.6988
27.4707
27.2996
27.0715
25.4176
24.2200
23.8207
25.5316
24.9613
24.5621
24.0489
23.4215
23.6497
22.2239
22.4520
22.6231
22.7372
22.7372
22.8512
24.4481
25.4176
26.1019
27.2996
27.1285
27.9269
26.5582
26.3301
26.1590
25.7598
25.2465
25.2465
23.7067
23.8778
23.8207
23.4786
24.5621
24.5051
23.7637
23.8207
23.6497
23.7067
23.9348
24.3340
24.9613
25.0754
25.2465
26.1019
25.7027
27.1285
25.0184
25.7027
25.3035
25.2465
23.9918
23.8778
25.1895
25.2465
24.9613
24.7332
23.4786
23.6497
23.4215
23.7637
23.6497
23.7637
24.0489
24.9043
25.1895
26.3301
25.3606
26.0449
26.5012
26.1019
26.9004
27.9269
26.9004
25.4176
24.6762
24.5051
23.7067
23.7067
23.4786
23.5356
23.3645
23.5356
23.2504
23.1934
23.1934
23.0794
23.2504
24.6192
25.9879
27.7558
29.2956
29.1816
29.1816
29.5237
29.7519
29.1816
28.6113
26.5582
25.9879
26.5582
24.0489
23.8778
23.7637
23.7067
23.5926
22.9083
22.9653
22.8512
22.7942
22.8512
23.0794
24.7332
25.9309
25.8168
26.1019
26.9004
26.9574
26.9574
26.9574
26.6152
25.4176
24.7332
24.0489
23.4215
25.1895
24.8473
24.6192
23.8207
24.6192
23.3645
23.1364
23.1364
22.6801
22.9083
22.5661
23.3645
23.9348
24.5051
25.0754
25.6457
26.2160
26.7863
23.9348
22.6801
22.9083
22.8512
23.1364
23.5356
23.0223
23.3075
24.2770
24.5051
23.7067
23.8778
23.4215
23.4215
23.2504
23.1934
23.1364
23.5356
24.2200
26.3301
27.5277
26.7863
26.5582
26.8433
22.9653
23.4215
23.3075
23.3075
22.8512
22.9653
23.5926
23.6497
23.7637
23.7067
23.1364
23.0223
22.9083
22.9083
22.9653
22.9653
23.2504
24.3910
25.4746
26.4441
27.8128
29.1816
29.6948
29.2956
28.6683
28.6683
26.2160
25.4176
24.5621
25.1324
23.3075
23.4215
23.4215
23.2504
23.5356
23.2504
23.2504
23.3075
23.3075
23.2504
23.5926
25.3606
26.3871
27.8128
28.8394
29.5808
30.0940
30.0940
29.9800
29.8089
29.0675
26.1019
24.7903
24.3910
24.4481
24.1629
24.1629
23.7637
23.9348
23.7067
23.7637
23.6497
23.5926
23.3075
23.7067
25.5316
26.9574
27.7558
28.8964
29.4097
30.4362
29.9230
30.0370
29.7519
27.9839
25.6457
25.0184
24.7903
24.6762
24.3340
24.2200
23.9918
24.1629
24.0489
24.3910
24.0489
23.5926
23.4786
23.5356
24.2200
26.4441
27.0144
27.4136
27.5847
29.1816
29.4667
29.1816
29.3527
27.1855
25.9879
25.2465
25.0184
24.5051
24.5051
24.5621
24.2200
25.0184
24.9043
24.6762
24.2770
24.0489
24.0489
23.9918
25.3035
25.5316
26.8433
27.3566
26.1590
27.0715
27.9269
28.3831
27.2425
26.3871
25.5887
25.4176
25.1324
25.2465
24.9613
25.0754
25.3606
23.3075
23.0223
22.7372
22.6231
22.2809
22.0528
21.9958
23.4215
23.7637
24.9043
26.2160
26.2160
27.2425
26.7863
26.8433
26.6722
25.6457
24.8473
24.3910
23.8778
24.7332
24.3340
23.8778
23.5926
22.1669
21.9958
22.2239
22.3380
22.3380
22.2809
22.3380
22.6231
23.5926
23.5356
24.7332
26.4441
25.8168
26.6152
26.9574
26.3301
26.2730
24.2770
23.3645
23.3075
23.5926
23.3075
22.9083
22.3950
23.2504
23.4786
23.3645
22.9653
23.1364
23.1934
22.8512
24.1629
25.7598
27.0144
26.6722
27.8128
26.7863
26.7863
27.2425
27.9269
26.3301
25.6457
24.6762
24.5051
23.7067
23.4786
23.6497
23.2504
23.4786
23.3075
23.2504
23.2504
23.3075
23.1934
23.5926
24.5051
26.1019
25.3606
26.2730
26.6722
28.7824
28.5542
29.0675
28.2691
28.2121
25.3606
24.5621
24.8473
24.3340
24.1629
23.8207
23.7637
23.4786
23.4215
23.3645
23.1934
22.8512
22.7942
23.1934
24.7332
26.2160
27.0144
28.2691
29.1816
29.5808
29.4097
27.8128
28.0410
27.9839
26.5012
25.7598
25.5316
24.6192
24.2200
24.1059
24.1059
25.0754
24.7332
24.6192
24.2770
24.0489
23.8778
23.8207
24.6762
25.9879
25.7598
26.7293
27.0715
27.1855
27.2996
27.3566
27.4707
27.2425
26.6722
26.3871
26.1019
25.8738
25.7027
25.5316
25.0754
24.6192
24.3910
24.1629
24.0489
23.9348
23.8207
23.8207
24.0489
24.3910
24.6762
25.0184
24.6762
23.8207
22.7372
23.4215
23.8778
23.8778
23.0223
23.1364
23.0223
25.7027
25.3606
25.0754
24.9043
21.8817
21.8247
22.1098
22.0528
22.1669
22.3380
22.3380
22.7372
23.0223
23.2504
23.0223
23.0223
22.5661
22.5091
25.3035
22.9653
23.1934
23.0223
22.9653
22.9083
22.0528
21.7677
21.8247
21.8247
21.8817
21.8247
22.1098
22.0528
22.1669
22.3380
22.3380
22.7372
23.0223
23.2504
23.0223
23.0223
22.5661
22.5091
25.3035
22.9653
23.1934
23.0223
22.9653
22.9083
22.0528
22.0528
22.0528
22.0528
22.0528
21.9958
21.9958
21.9958
22.0528
21.8817
22.5091
22.8512
23.9348
24.6762
26.4441
27.0715
26.2730
27.8699
26.9574
25.9309
25.0184
24.6192
24.5051
23.8207
22.9653
22.7372
22.6801
22.0528
23.8207
23.9918
23.7637
23.1364
23.1934
22.7942
23.0223
24.3340
25.3606
26.6152
26.3301
26.3871
27.1285
27.4136
27.3566
27.1285
26.7293
24.4481
23.7067
23.4786
24.0489
23.5926
24.1059
23.8207
23.1364
23.1934
23.1364
22.6231
21.9958
23.0794
23.1934
24.1629
24.7332
26.1590
27.1285
27.7558
27.5847
28.0410
27.1855
27.0715
26.3871
23.8207
23.0794
23.0223
23.2504
23.1934
22.9653
23.3075
22.2239
21.6536
21.4825
21.2544
21.4255
21.5966
21.4825
23.2504
24.1059
25.2465
26.2730
26.3871
26.6722
27.2425
28.3831
27.1285
26.2730
23.4215
22.6231
22.7942
22.6801
22.3950
22.7942
22.5091
23.4786
23.5356
22.1669
22.9653
23.0794
22.2809
22.2809
23.1934
24.1629
25.4746
26.4441
27.1855
26.9574
27.6988
27.8699
28.3261
26.7863
23.3075
22.4520
22.7372
22.7372
22.1669
23.4215
23.8778
22.4520
21.3114
21.0833
21.4825
22.6801
22.3950
22.4520
22.8512
23.8778
24.9613
26.1590
27.4136
27.4136
28.0410
27.7558
26.8433
26.9004
23.9348
23.0223
23.0223
21.9388
22.2239
22.1098
22.7372
23.0794
23.4215
23.3645
23.0794
21.9958
21.7106
21.9958
23.8778
24.7332
26.1590
26.5012
27.2996
27.3566
27.2425
27.1855
26.9004
25.8738
23.2504
22.6801
22.0528
22.5091
23.0223
23.1364
22.6231
21.6536
21.2544
21.3114
20.9122
20.5700
20.3989
20.9122
21.5395
22.5091
23.3075
25.0184
25.7598
25.9879
26.0449
26.1019
25.9879
24.6192
22.6801
21.8817
21.5966
22.2809
21.8247
21.8247
21.9388
21.0833
21.0263
20.7411
20.6271
20.6271
20.7982
21.0833
21.6536
22.5091
23.3075
23.5356
24.4481
25.7027
25.9879
25.9309
25.5887
25.1324
22.7372
22.0528
22.3380
21.6536
21.6536
21.1974
21.0833
21.8817
22.6801
22.3950
22.4520
22.4520
22.4520
20.7411
22.6231
23.4215
25.1895
26.0449
26.2160
26.9004
27.0715
26.8433
26.9004
25.9309
23.4786
22.6801
22.7372
21.8247
22.7942
21.9388
22.0528
22.2239
23.0794
22.7942
22.3950
21.7106
21.7677
21.9958
22.9083
24.1059
24.3340
26.3301
26.9004
27.3566
27.1285
25.7027
26.5012
25.1324
24.7903
24.5621
24.0489
22.7942
22.7372
22.8512
22.3380
22.5661
22.6801
22.6231
22.6231
22.1669
22.6231
22.6231
23.0223
24.0489
23.9348
23.9348
24.0489
24.2770
25.1324
24.6192
25.4746
24.9613
23.1934
23.2504
22.9083
23.8778
21.9388
21.9388
22.1098
23.0223
21.9958
21.9388
21.9388
21.9388
21.9958
21.9388
21.7106
21.9958
21.9388
22.5661
23.0223
23.7637
24.4481
25.0184
24.5621
24.1059
22.9083
22.6231
22.9653
23.0794
22.9083
23.0223
23.0223
22.4520
20.9692
20.9692
20.7411
21.0833
21.0263
21.2544
21.6536
21.7106
22.0528
23.1934
25.3035
25.3035
24.3340
24.2770
23.7067
23.2504
22.7372
22.6231
22.3950
22.3380
23.0223
22.6231
22.6231
20.7982
21.0833
21.1974
20.9692
20.9692
20.7982
20.9122
21.6536
22.7372
24.3910
25.0754
25.4176
25.4746
25.5316
25.7027
24.9613
24.5051
22.9083
21.9958
21.9958
22.3380
22.1098
21.9388
21.4825
21.6536
21.0263
21.5966
21.1974
20.9692
20.8552
21.1403
22.5091
23.8778
24.3340
25.5316
26.2730
26.4441
26.4441
26.5582
25.5316
24.9043
23.5356
22.5661
22.6231
22.3380
21.9388
21.8817
21.4255
21.9388
21.9388
21.7106
21.7106
21.5966
21.2544
21.3114
22.4520
24.2200
25.7027
26.3871
26.5582
26.8433
26.7293
27.1285
26.4441
25.3606
23.1934
22.5661
22.3380
22.6231
22.4520
22.2239
22.2809
21.2544
21.0263
21.3114
20.8552
20.9122
21.0263
21.2544
22.2239
23.8207
24.6762
25.1324
26.3301
26.6722
27.0144
26.2730
26.3301
25.2465
23.3645
22.3950
22.1098
22.1098
21.9388
22.1098
21.8817
21.1403
21.1974
21.0833
21.4255
21.0263
21.1974
21.4825
22.4520
22.6801
23.4786
25.4746
26.2730
26.4441
25.8168
25.8168
25.3606
23.9918
24.0489
24.1059
23.4786
21.8817
21.6536
21.4825
21.0833
22.1098
22.3950
22.5091
22.2239
22.1669
21.7677
21.7106
21.8817
21.9388
20.9122
20.7411
20.6271
20.2279
20.6841
20.5130
20.2279
20.2279
20.1708
20.1708
20.2849
23.8207
23.7067
22.4520
21.8817
20.2279
20.1708
20.2279
20.1138
20.1708
19.9997
20.2279
20.8552
21.5395
21.9388
23.9348
24.1059
23.6497
24.5051
24.2200
23.6497
22.9653
21.9958
21.7677
21.7106
20.3419
20.2849
20.2849
20.3419
21.8247
21.7677
21.7677
21.4255
21.6536
21.1403
20.3989
21.9388
23.1934
24.3340
24.5051
25.8738
25.8168
25.9309
26.0449
25.0754
24.3340
22.4520
21.9388
21.8817
21.8817
21.4255
21.8817
21.3685
21.2544
21.0833
20.5700
20.4560
20.6841
20.2849
20.3419
22.0528
23.1364
24.4481
25.3606
24.8473
25.7027
25.7027
25.3606
25.4746
23.8207
22.6231
21.8247
21.7106
21.7677
22.3380
22.1098
21.3114
21.2544
21.3685
20.9122
21.0263
20.6841
20.7411
20.5130
21.8817
21.9388
22.1669
24.2770
25.0754
25.4176
25.5887
25.3606
25.5316
23.7637
22.1098
21.5966
21.5395
21.4825
21.5966
21.6536
21.4255
21.5966
21.5966
21.0263
20.9692
20.5130
20.5700
20.3419
21.8817
21.9388
22.1669
24.2770
25.1324
25.5887
26.2730
25.8168
25.7027
23.8778
22.1098
21.5966
21.5395
21.4825
21.3114
21.4255
21.5966
21.3685
20.6271
20.5130
20.1708
20.1138
20.1138
20.0568
21.3114
23.1364
24.6762
25.6457
25.1324
25.5887
26.0449
26.0449
25.5316
23.8207
21.8817
21.5966
21.3685
21.6536
21.6536
21.1974
21.5966
20.7982
21.1403
20.6271
20.3989
20.5130
20.1708
20.3419
21.3114
22.1098
24.2770
25.0184
25.3606
25.1895
25.1324
25.4746
24.9043
23.9348
22.1669
21.3685
21.1403
21.2544
21.2544
21.0833
20.8552
20.6271
20.2849
19.7146
19.6005
19.4865
19.4865
19.5435
21.0263
22.6801
22.9653
24.4481
24.5621
24.9043
25.3035
25.0184
24.3340
23.8207
21.9958
21.2544
21.3685
21.0263
21.6536
21.3114
20.8552
20.3989
20.1138
20.2279
19.7146
19.4865
19.6576
19.6576
20.6271
22.4520
24.3340
24.8473
25.5887
25.8168
25.8738
25.1895
24.9043
23.8207
22.0528
21.4825
21.2544
20.9692
20.8552
20.6841
20.5130
20.5130
20.1708
19.9997
19.7146
19.9427
19.6576
19.7146
20.7411
22.2239
23.8207
25.3606
26.3871
26.3301
25.6457
25.6457
25.1895
24.1629
22.3380
21.7106
21.5966
20.9692
20.9122
20.6841
20.6841
20.8552
20.5700
20.6271
20.1138
20.1138
20.1708
19.9997
21.0263
22.9653
24.2200
25.7598
26.3871
27.2996
27.5847
27.0144
26.1590
24.4481
22.7942
22.1669
22.1669
21.3114
21.1974
20.9692
20.8552
21.3685
21.0263
21.2544
20.9122
20.9692
20.8552
21.7677
22.2239
23.8207
24.9043
25.6457
25.9879
25.8738
25.4746
26.4441
24.9613
24.2770
23.1934
22.8512
22.0528
22.1098
21.8817
21.7677
21.6536
19.6576
19.1443
19.3154
19.2013
19.2013
19.0873
19.8286
20.3989
20.9692
21.5395
22.6801
23.0794
23.9348
23.3645
23.5356
23.1934
22.4520
21.3114
20.9692
20.4560
21.4255
20.9122
20.3419
19.8857
17.8896
17.3764
16.9771
16.6920
16.2928
15.4944
15.5514
16.4068
18.1748
19.0873
20.3989
21.0833
20.8552
21.1974
21.1403
19.7716
19.8857
17.2623
16.5779
16.3498
19.7716
18.9162
18.5740
18.2318
16.7490
16.2928
15.8936
15.6655
15.6655
15.5514
15.3803
17.3193
19.0302
20.6271
21.0833
22.1098
22.7942
22.6801
22.8512
22.5661
21.1403
18.5170
18.2888
18.0037
16.1787
16.5779
17.4334
17.2623
17.6045
17.2053
17.0912
17.4334
16.9771
17.0342
17.2053
18.2318
20.0568
23.1364
23.4786
24.1059
24.4481
24.4481
24.5621
24.3340
22.3380
20.3419
19.8286
19.6576
17.9467
17.8326
17.5474
17.7756
18.9732
18.8591
18.5740
18.3459
18.3459
18.0607
18.1177
19.3154
21.2544
23.4215
24.5051
25.1324
25.3035
25.5316
25.5316
24.9043
24.1059
21.7106
21.2544
21.4255
19.3724
19.3724
19.2013
18.9162
21.1403
21.0833
21.2544
20.9122
20.7982
20.7982
20.6841
21.2544
22.6231
23.6497
25.0184
25.3035
24.8473
24.5051
25.0184
24.7903
23.9348
22.9083
22.3950
21.9388
21.1403
21.3114
21.3114
21.5966
22.3380
21.8247
21.5395
21.4825
21.0263
20.8552
21.0833
21.8817
22.7372
23.6497
25.5887
25.6457
25.8168
25.7027
25.2465
24.8473
24.1059
23.1934
22.7372
22.2239
21.6536
21.9388
21.9388
22.2809
22.3950
22.2239
22.0528
22.0528
21.9958
21.9388
21.9958
22.5091
23.8207
24.1629
23.5926
24.7903
24.5051
24.5621
24.7332
24.9043
23.7637
23.1364
22.9083
22.9653
22.1098
22.3380
22.5661
22.5661
22.1669
21.7677
21.7106
21.0263
20.7411
20.5700
20.6841
22.3950
24.1629
25.8738
26.7863
25.5887
27.2425
27.0715
25.9309
26.7293
24.8473
23.7067
22.8512
22.9083
23.0223
22.7372
22.4520
22.1669
22.1098
21.9958
22.2239
22.2809
21.3685
21.3685
21.6536
21.8817
22.5661
23.7637
24.6762
25.1895
24.2770
24.2200
23.9918
22.2809
21.7677
21.7677
21.6536
21.7106
23.5926
23.2504
22.9083
22.2239
22.0528
22.2239
22.1669
22.2239
22.2809
21.7106
19.9427
19.3724
19.0302
18.9162
18.7451
18.6310
18.5170
18.5740
18.5170
18.6310
18.6880
18.5170
18.2888
17.6615
21.7677
22.1098
22.2809
22.3380
15.2092
14.9811
14.9241
14.8670
14.6959
14.5819
14.6389
14.9811
15.4944
16.0076
16.6350
18.2318
18.0037
19.0302
19.5435
19.3724
18.6880
17.2053
16.4068
16.0647
16.9771
16.4639
16.1787
15.6655
14.8100
14.5249
14.4108
14.1256
13.8405
13.7835
13.6694
14.5249
15.0381
15.7225
15.8936
15.9506
16.0647
16.5209
16.4068
16.1787
15.6655
15.5514
15.4373
15.4944
15.8365
15.5514
15.3233
15.0381
14.7530
14.5249
14.5819
14.6389
14.6389
14.7530
14.7530
14.6959
14.8100
14.9241
14.9811
15.0381
15.0952
15.0952
15.1522
15.1522
15.2092
15.1522
15.2092
15.1522
15.4944
15.4944
15.5514
15.2662
14.9811
14.9811
14.6959
14.6389
14.4108
14.4678
14.4108
14.5249
14.4678
14.4678
14.5819
14.8100
14.6959
14.8100
14.4108
14.2397
13.9546
13.9546
13.8975
13.8405
15.1522
15.0381
15.0952
15.1522
12.9850
12.8710
12.7569
12.6429
12.5288
12.5288
12.3577
12.6429
13.6694
13.9546
14.9241
15.8936
15.6084
16.1787
15.7225
15.3803
14.5819
13.8975
13.4983
12.9280
13.7264
13.5553
13.2702
13.0991
11.5023
11.3312
11.2741
11.2171
11.3882
11.5593
11.6734
12.1866
13.0421
13.6694
14.3538
14.8100
15.7225
16.1787
16.5209
15.6084
15.2092
14.6389
14.1827
13.7835
12.4718
12.0726
11.8444
11.6163
13.8405
13.7264
13.6124
13.4983
13.4413
13.4413
13.4413
13.7835
14.4108
14.3538
16.0076
16.0647
16.2358
16.6350
16.1787
16.1217
15.7225
15.0381
14.8670
14.7530
13.8405
14.1256
14.0686
13.8975
14.6389
14.5249
14.3538
14.2397
14.1256
14.0116
13.7264
13.8975
14.2397
14.6959
15.3233
16.0647
16.1787
16.6350
17.0342
17.2053
16.1787
15.6084
15.4373
15.3233
14.6389
14.6959
14.6959
14.6389
14.3538
14.2967
14.1827
14.1256
13.9546
13.8975
13.6694
14.5819
17.0912
16.8631
17.4334
18.4029
18.4599
19.0873
18.5170
18.1748
17.2053
15.4944
14.8100
15.1522
15.0952
14.8100
14.6389
14.5819
14.8100
14.5819
14.2967
14.0116
13.5553
13.7264
13.6694
14.2397
15.8365
17.4334
17.4334
18.6310
19.0302
19.6005
19.7146
19.4294
17.4334
16.2928
16.0076
16.2358
15.6655
15.4373
15.3233
14.8100
15.4373
15.3233
15.4373
15.2092
15.9506
15.3803
14.8670
15.7225
17.8896
19.3724
19.3154
20.5700
21.1974
21.0263
21.2544
20.7982
18.9732
17.2053
16.9201
16.8061
15.6655
15.6655
15.4373
15.6084
16.4639
16.2358
16.1217
15.9506
15.6655
15.7795
15.9506
16.6350
18.7451
19.9997
21.5395
22.1669
22.3950
22.7372
22.3380
22.2239
20.4560
18.8021
18.4599
18.3459
16.8061
16.6920
16.6350
16.2928
17.8326
17.7185
17.4334
17.2623
16.9771
16.8061
16.7490
17.7756
19.3724
21.0833
22.7942
22.8512
23.2504
23.9348
23.7067
23.1934
21.0833
19.5435
19.0873
18.9732
18.2888
18.1177
17.9467
18.0607
18.4029
18.0607
17.4904
17.9467
17.8326
17.6045
18.0037
18.4029
19.3154
20.3989
21.6536
22.0528
22.2239
22.9083
22.4520
22.6231
21.3114
20.2279
19.5435
19.2013
18.8021
18.9162
18.8021
18.7451
18.6310
18.4599
18.3459
18.3459
18.1748
18.1748
18.1748
18.3459
18.4029
20.3419
22.5661
22.6801
23.6497
23.5926
23.7067
23.6497
21.6536
20.2279
19.8286
19.6576
19.3154
19.1443
19.0873
18.8591
19.4294
19.4865
19.2013
19.0873
19.3154
18.8591
18.4029
18.5170
19.8857
20.4560
20.7982
22.4520
23.2504
23.0223
22.6231
22.1669
21.1974
20.1138
19.8286
19.8286
19.6576
19.7146
19.4865
19.2583
18.6880
18.9732
19.2583
18.6880
18.3459
18.1748
17.9467
17.8326
18.0037
19.1443
19.6005
20.7411
21.3114
20.9692
20.9122
20.8552
19.7716
18.5740
18.0037
18.0037
19.4865
19.6005
19.2583
19.0302
17.7185
17.6615
17.6045
17.3764
17.2053
17.2053
17.0342
17.2623
18.0607
19.5435
20.3989
20.9692
21.8247
20.9692
21.0833
20.7411
19.6005
17.9467
17.9467
18.5170
18.3459
18.1748
18.1748
18.0037
16.1787
16.0076
15.7795
15.4944
15.2092
15.1522
15.1522
15.7795
16.5779
18.1748
18.5740
19.4294
20.4560
20.9692
20.6271
20.0568
19.0302
17.3764
17.1482
16.9201
18.2888
17.4904
16.8061
16.4068
15.8936
15.7795
15.4944
15.4373
15.2092
15.1522
15.3803
16.2358
17.3764
18.1748
19.6005
20.2849
21.1403
21.2544
20.9692
20.8552
19.4294
18.1748
17.8896
18.3459
16.4639
16.2358
16.1787
15.8936
16.9771
16.6920
16.5779
16.2358
16.1217
15.3803
15.8365
16.0647
16.4639
17.0912
17.0912
17.3193
18.2318
18.5170
19.1443
18.4029
17.4334
16.0076
16.4068
15.6655
18.2318
18.0037
17.7185
17.1482
15.4373
14.9811
14.8100
14.6959
14.5249
14.3538
14.4678
15.3803
16.9771
18.4029
19.4294
20.1708
20.2279
20.2279
20.2849
19.8286
18.4029
16.8631
16.6920
16.5779
15.6084
16.1217
15.9506
15.7225
16.7490
16.5779
15.8936
15.5514
15.3233
15.0952
14.6389
15.6084
16.9771
18.6880
19.4865
19.7716
20.1138
20.5130
20.2849
19.6576
18.4029
16.5209
16.0076
16.0647
16.2358
16.3498
16.4639
15.9506
15.4944
15.2662
14.8670
14.9811
14.9811
14.9241
14.6389
15.3233
17.4334
18.6880
19.7716
19.0873
19.8286
19.7146
20.2279
20.6271
18.4599
17.2623
17.2053
17.0912
16.2358
15.8936
15.7225
15.7225
17.2053
17.4334
16.8061
16.3498
16.9201
17.0342
16.8631
17.2053
18.2888
18.7451
20.4560
20.0568
19.0302
18.4029
18.8021
18.4599
17.4334
17.2053
17.1482
17.0912
17.1482
17.1482
17.0342
17.3764
17.2053
17.2053
17.2053
17.2053
17.2053
17.2053
17.2623
17.3764
17.6045
17.8326
18.1748
18.4599
18.5170
18.5170
18.5740
18.6310
18.4029
18.2318
18.1748
18.0607
17.1482
17.2053
17.2623
17.1482
17.8326
17.8326
17.8896
17.8896
17.8326
17.8326
17.6045
18.0607
18.6880
19.6576
19.8286
19.2013
19.6005
20.5130
19.9427
19.8286
19.4294
18.8021
18.7451
18.6880
17.8896
17.8896
18.0607
18.0037
18.5170
18.1748
18.2888
18.0037
17.8326
18.0037
17.8326
18.1177
18.6310
19.8286
21.9388
21.5966
22.7372
22.7942
22.5091
22.1669
20.6841
19.2013
18.6880
18.6310
18.3459
18.5170
18.5170
18.5170
18.6310
18.6310
18.5170
18.4599
18.3459
18.2888
18.2318
18.3459
18.5170
19.5435
19.8286
20.2849
21.3685
21.8817
21.9958
21.1974
20.6271
19.3154
18.5740
18.5170
18.9162
19.1443
19.1443
18.5170
18.2318
18.2888
18.4029
18.0607
18.0037
18.2318
18.6310
18.7451
19.8286
20.5130
20.9692
23.3075
23.1934
22.4520
22.3950
22.6231
21.4825
19.9427
19.6576
19.4294
18.6310
18.4599
18.5170
18.4599
18.8591
18.6880
18.6310
18.6310
18.6880
18.8021
18.9732
19.0302
19.4865
20.6841
22.9083
22.9653
23.1364
24.3910
23.0794
22.3380
21.3114
20.3419
19.7716
19.2013
19.2583
18.9732
18.9162
18.9162
17.7185
17.6045
17.4334
17.3764
17.7185
17.7185
17.7185
17.8896
18.5170
18.9732
20.5700
19.9427
19.9427
19.8286
20.2849
19.9427
19.5435
19.0302
18.6880
18.8021
19.0302
18.5170
18.1748
18.1177
19.4865
19.3154
19.3724
19.2013
19.1443
19.1443
19.0873
19.2583
19.3724
19.3154
18.7451
19.0302
19.1443
18.7451
17.8896
16.9201
16.1787
15.6655
15.3803
15.0952
18.9732
19.1443
19.1443
19.3724
13.9546
13.7264
13.3843
13.2702
13.0991
12.8710
12.9280
13.2702
13.6124
14.4108
14.6389
15.8365
16.6920
16.4639
16.5779
15.7225
15.1522
14.8100
14.5249
14.2967
14.9811
14.8100
14.5249
14.2967
13.6694
13.5553
13.4983
13.3272
13.2702
12.8710
12.8710
13.0421
13.2702
13.4983
13.7264
14.2397
14.4678
14.6959
14.4108
14.5819
14.4108
14.1827
14.0116
13.9546
14.1827
14.0686
13.9546
13.7835
13.5553
13.4983
13.2132
13.0991
13.0421
12.9280
12.9280
13.3272
13.6694
14.4678
15.6655
15.8936
15.3803
15.7225
15.7225
15.2662
15.2092
14.9241
14.9241
14.8100
13.8975
13.7835
13.5553
13.4983
14.6389
14.1827
13.7264
13.5553
13.2702
12.8140
12.7569
13.0991
14.4108
16.0647
16.5779
17.4334
17.8326
17.7185
17.9467
17.6615
16.6350
14.6959
14.5819
14.9241
14.9811
15.0381
14.9811
14.7530
14.6389
14.1827
14.1827
14.3538
14.2397
13.9546
13.8975
14.2967
14.3538
14.8670
16.1217
16.4639
16.6920
17.3764
16.5779
16.4068
15.8365
15.3803
15.2092
15.2092
14.9811
14.9241
14.6959
14.8670
15.1522
14.9811
14.8670
14.8670
14.6389
14.6389
14.5249
14.7530
15.2092
15.8365
17.2053
18.0037
18.5170
18.2888
18.5170
18.0607
16.8631
15.2092
14.7530
14.5249
15.2662
15.3233
15.2662
15.2662
14.9241
14.9811
15.2662
15.3803
15.1522
14.9241
14.9811
15.3803
15.7225
17.0912
17.0342
17.3764
18.2888
18.6310
18.3459
17.9467
17.5474
17.2053
16.9201
16.9771
15.1522
14.5819
14.8100
14.8100
16.4639
16.4639
16.6350
16.4639
16.4068
16.5779
16.3498
16.7490
17.4904
18.2318
19.7146
20.6841
21.0263
21.0263
21.2544
20.9122
20.4560
19.2583
18.8021
18.8591
16.9771
16.9201
16.6920
16.5779
18.1177
18.0607
18.1177
18.1748
18.1177
18.1748
18.1177
18.4029
18.9162
20.3989
21.5966
22.1098
24.2770
24.3340
24.6762
22.9653
21.4255
19.8857
19.5435
19.3724
18.4029
18.0607
18.1748
18.4599
18.8021
18.5170
18.4599
18.3459
18.4029
18.1748
18.0607
17.9467
19.0873
19.9427
19.8286
19.7716
19.3154
20.4560
20.0568
19.9427
19.3724
18.7451
18.5170
18.4029
19.3154
19.2583
18.9162
18.8021
16.9201
16.8631
16.9201
16.9201
16.6350
16.6920
16.5779
16.6920
16.8061
16.9771
17.3193
17.3193
17.8326
17.8326
17.7756
17.5474
17.2053
17.0912
16.9771
16.9201
18.1177
17.8896
17.7756
17.2053
16.6920
16.6920
16.7490
16.7490
16.7490
16.6920
16.6920
16.8061
16.6920
16.5779
16.0647
15.9506
14.7530
14.2397
14.0116
13.7264
13.7835
13.4983
13.4983
13.3843
16.8631
16.8061
16.8061
16.7490
12.7569
12.6429
12.1866
12.1296
11.8444
11.6734
11.6163
12.0726
12.7569
14.8670
14.8100
15.9506
16.2358
16.0647
15.7795
16.3498
15.4373
15.0381
14.8100
14.8670
13.1561
13.0991
12.9850
12.9850
14.9811
14.8670
14.6389
14.5249
14.3538
14.3538
14.3538
14.4678
14.4108
14.5249
14.6389
14.7530
15.0952
14.8100
14.8100
14.8100
14.8100
14.8670
14.9811
14.9811
14.9811
14.9241
15.0381
15.2092
15.2662
15.3233
15.3803
15.3803
15.4373
15.6084
15.8365
15.8936
16.1217
16.5209
16.9771
17.5474
17.6615
18.9162
18.8021
18.1748
17.5474
17.1482
16.9201
16.6350
15.0952
15.0952
15.1522
15.2092
16.8631
16.6920
16.5209
16.4068
16.3498
15.7225
15.7225
15.6655
15.8365
16.0076
15.6655
16.0076
15.7795
16.1217
15.8365
15.8936
15.7225
15.6084
15.5514
15.6655
16.5209
16.6350
17.0912
16.9201