20120101
20121231
16.1217
15.7225
15.4373
15.1522
15.4373
15.5514
15.4373
15.6084
16.0076
16.5209
17.3193
18.2318
19.4865
19.3724
19.8857
19.9427
18.4029
17.7185
17.3764
17.0912
17.0912
17.0342
16.4639
16.1787
16.4639
16.3498
16.1217
16.0076
15.7795
15.2662
15.0381
15.5514
16.2928
16.4068
17.0912
17.8326
17.9467
18.6880
18.0607
18.4599
17.8326
17.2053
16.9201
16.8631
16.1787
15.6655
16.4068
16.5209
16.7490
16.6920
16.6920
16.8631
16.8631
16.7490
16.6350
16.6350
16.8631
17.0912
17.2623
16.8061
17.7185
17.4904
17.3764
16.8631
16.7490
16.2928
15.8936
15.3803
16.6920
16.4639
16.4639
16.7490
13.7835
13.6694
13.5553
13.2702
13.2702
13.0421
12.9280
12.9280
12.9850
13.0421
13.1561
13.2702
13.3843
13.4413
13.3843
13.4413
13.3843
13.1561
12.9850
12.8710
14.9811
14.4108
13.8405
13.7835
12.2437
12.1866
11.9585
11.6734
11.1031
10.9320
10.9320
10.9320
11.1031
11.2741
11.6163
11.7304
12.4147
12.2437
12.2437
11.9015
11.7874
11.6734
11.7874
11.8444
12.6999
12.6429
12.4718
12.4147
12.0155
12.0155
12.0155
11.9585
12.0155
12.0155
12.1296
12.2437
12.4718
12.6999
12.6999
12.9850
13.6124
13.6124
14.0686
13.9546
13.9546
13.8975
13.9546
13.8405
11.9015
12.0155
12.0155
12.0155
13.5553
13.4983
13.4413
13.3843
13.3272
13.2702
13.2702
13.2702
13.5553
13.5553
13.7264
13.7835
14.1256
13.6124
13.8975
14.0686
14.1256
14.0116
14.1827
14.0686
13.7264
13.6124
13.6694
13.6694
13.4413
13.3843
13.3272
13.3272
13.3843
13.4983
13.4983
13.5553
13.7835
14.1256
14.9241
14.9811
15.2092
15.8365
15.9506
15.8365
15.4944
14.9811
14.7530
15.1522
14.0116
13.8405
13.7264
13.6124
14.1256
14.0116
13.8405
13.4413
13.1561
13.1561
12.9850
13.2132
14.2397
15.8365
17.1482
17.5474
17.8896
18.2888
18.4599
18.1177
17.8896
16.2358
15.6084
15.5514
15.0381
14.6959
14.1827
14.2967
14.9811
14.8100
14.4108
14.7530
14.2397
14.2967
13.8405
13.9546
14.6959
15.5514
16.6920
17.9467
18.0037
18.2318
18.3459
18.3459
17.8326
16.4068
16.1787
16.0076
15.3803
15.3233
15.4944
15.2662
16.6920
16.4068
16.1787
16.1217
16.0647
15.9506
15.8365
15.7225
15.8365
16.5209
17.0912
18.4599
18.3459
18.6880
18.2888
18.0607
17.5474
17.0912
16.9201
16.8061
16.1787
15.9506
15.9506
16.0076
15.8936
15.6655
15.4944
15.3803
15.2092
15.0381
14.8670
14.7530
14.7530
14.9811
15.2092
15.7795
15.7795
15.1522
14.7530
14.9241
14.7530
14.7530
14.7530
14.6389
16.5779
16.5209
16.3498
16.1787
14.7530
14.6959
14.8100
14.6959
14.6959
14.9241
14.8100
14.9241
15.2662
15.6084
15.6655
16.1787
16.0076
16.5209
16.4068
16.4068
16.4068
16.0647
15.8936
15.8936
14.6959
14.7530
14.8100
14.8670
15.8365
15.8936
15.8936
15.8936
15.8365
15.8365
15.8365
15.8936
16.0647
16.2358
16.9201
16.9771
17.3764
17.3764
17.6615
17.3193
16.9771
16.8631
16.8061
16.8061
15.8365
15.7795
15.8365
15.8365
16.4068
16.4068
16.4068
16.4068
16.4068
16.4068
16.4068
16.4068
16.1217
16.2358
16.1217
15.3233
15.2662
15.5514
15.3803
15.3803
15.3233
15.2092
15.2092
15.2662
16.6920
16.5209
16.4068
16.4068
15.3233
15.4373
15.3803
15.3233
15.3803
15.2662
15.0952
14.9811
15.0381
15.0952
15.5514
15.6655
15.7795
16.0647
16.0076
16.1787
15.9506
15.7225
15.4944
15.7225
15.2092
15.1522
15.2092
15.2662
14.8670
15.0952
14.9811
14.8670
14.6389
14.6959
14.6389
14.6959
15.2092
16.2928
16.5209
16.4068
17.4904
18.1177
17.0912
17.2623
17.1482
16.7490
16.4639
16.1217
15.6655
15.5514
15.2662
15.1522
16.6920
16.6350
16.5779
16.5779
16.4639
16.4639
16.5209
16.4639
16.6920
17.5474
19.1443
20.0568
20.4560
22.5661
20.7982
20.4560
20.3419
19.3154
19.2583
19.0873
16.5209
16.8061
16.8061
16.6920
19.0873
18.6880
18.5740
18.4599
18.4599
18.3459
18.1748
17.6045
17.3193
16.9771
17.2053
16.9201
16.8061
16.9201
16.5779
16.4068
16.3498
16.2928
16.1787
16.1217
19.0873
19.6576
19.4865
19.2583
15.8936
15.7225
15.6084
15.4944
15.3803
15.2662
15.2092
15.0952
15.0952
15.0952
15.0952
15.2092
15.2662
15.0952
15.0952
15.1522
15.0381
15.0952
15.1522
15.2092
16.0647
16.0647
16.0076
15.9506
15.0952
15.1522
15.1522
15.1522
14.9811
14.9811
14.8100
14.7530
14.6959
14.6389
14.5249
14.5819
14.5819
14.5819
14.5249
14.5249
14.5249
14.4678
14.4678
14.4678
15.2092
15.1522
15.1522
15.0381
14.1256
14.0116
13.8405
13.6124
13.4413
13.2132
13.0421
12.9850
12.8140
12.8140
12.9280
12.9280
12.6429
12.6999
12.6429
12.5858
12.5858
12.4147
12.4147
12.3577
14.4678
14.3538
14.2967
14.1827
12.0155
11.9585
11.5593
11.3312
11.2171
11.1601
11.2741
11.2171
11.4452
11.4452
11.8444
12.0155
12.5858
12.5858
13.2132
13.1561
13.1561
12.7569
12.7569
12.8140
12.3577
12.3007
12.3007
12.1866
11.7304
11.7304
11.7874
11.7874
11.7874
11.6734
11.5593
11.5593
11.6163
11.7304
11.8444
11.9585
12.0155
12.1296
12.1866
12.1296
12.0726
12.0155
11.9585
11.8444
12.8140
12.6429
12.3577
12.0726
11.6163
11.4452
11.3882
11.3882
11.3312
10.9890
11.2171
11.2741
11.4452
11.7304
12.0726
12.3577
12.4718
12.7569
12.6999
13.0991
12.8140
12.5858
12.5288
12.5288
11.7874
11.7304
11.6734
11.6734
12.1866
11.9585
11.7874
11.5023
11.4452
11.2171
10.9890
10.8749
10.9890
11.1601
11.3312
11.4452
11.4452
11.4452
11.4452
11.5023
11.5593
11.6163
11.6734
11.7304
12.5858
12.5858
12.5288
12.4147
11.9585
12.0155
12.0726
12.0726
12.1296
12.2437
12.3007
12.3577
12.6429
12.8140
13.2132
13.2702
13.5553
13.8975
13.7835
13.6694
13.6694
13.5553
13.6124
13.6124
11.7304
11.8444
11.8444
11.9015
13.9546
14.0116
14.1256
14.0686
14.2397
14.1827
14.2397
14.3538
14.4108
14.6389
14.8670
15.1522
15.4944
15.5514
15.7795
15.4373
15.2662
15.0952
14.9811
14.9811
13.7264
13.7835
13.7835
13.8975
14.2397
14.2967
14.3538
14.2967
14.2397
14.1827
14.1256
14.1256
14.2967
14.5249
15.0952
15.2662
15.4944
15.7225
15.7795
15.8365
15.3233
15.1522
15.0381
15.0952
14.8670
14.7530
14.5249
14.2967
14.6389
14.5819
14.4678
14.4108
14.2397
14.2397
14.1827
14.2397
14.5819
15.2662
16.1217
17.0912
17.3764
17.1482
17.3764
16.8061
16.2358
15.6655
15.3233
15.0952
15.0381
14.9241
14.7530
14.6959
14.6389
14.5249
14.4108
14.2967
14.1827
14.1256
13.9546
13.9546
14.2397
15.4944
16.1217
16.4068
17.5474
17.8326
18.2888
17.9467
17.6045
15.8365
15.1522
14.9241
15.0381
14.9241
14.8670
14.7530
15.7225
15.8365
15.3233
15.4373
15.3803
15.6655
15.2092
14.9811
16.1787
17.6045
18.7451
18.0607
18.6310
18.4599
18.3459
18.1177
17.9467
17.4904
17.3193
17.4334
15.2662
15.2092
15.6655
15.6084
16.7490
16.6920
16.4639
16.2358
16.0647
15.7225
15.5514
15.5514
15.5514
15.7225
15.7225
15.9506
16.1217
15.9506
15.7225
15.5514
15.5514
15.3803
15.2662
15.2092
17.0342
17.1482
16.9201
16.8061
14.5249
14.5249
14.4108
14.2967
14.0116
13.8975
13.7264
13.6694
13.8405
14.1256
14.8100
15.0952
15.0381
15.7795
15.3803
15.5514
14.8670
14.7530
14.5249
14.5819
15.0952
14.8670
14.8100
14.5819
14.1256
14.1827
14.2397
14.1827
14.1827
14.1827
14.1256
14.1827
14.4678
14.8100
15.2662
15.1522
15.7225
15.5514
15.6655
15.8365
15.8365
15.6084
15.4373
15.4944
14.6389
14.5249
14.4108
14.3538
15.7795
15.7795
16.0076
16.1217
15.6655
16.1217
15.9506
15.6655
16.0076
16.2928
16.8061
17.3193
18.0037
17.7756
17.7185
17.5474
17.3764
17.0912
16.9771
17.1482
15.5514
15.6084
15.6655
15.6655
16.8061
16.8061
16.8631
17.0912
16.8631
17.4904
17.1482
17.4334
17.3193
17.8326
19.8286
19.3154
20.0568
20.7411
21.2544
21.9388
21.7106
21.3114
21.0263
20.5130
17.4904
17.0342
16.9201
16.8631
18.2888
17.4904
17.1482
16.4068
15.8936
15.3233
15.2092
14.9241
15.0952
15.2092
15.8365
16.5779
17.1482
17.8896
17.3193
16.9771
17.0912
16.4639
16.3498
16.1787
20.2279
20.1708
20.0568
19.3154
14.9241
14.1827
14.2967
14.6959
14.5819
14.4678
14.2397
14.2397
14.2397
14.4678
14.5819
14.9811
15.4944
15.4944
15.0381
14.6959
14.0686
14.2397
14.0116
13.8975
16.0076
15.8936
15.7225
15.5514
12.8140
12.8140
12.9280
12.8710
12.3007
12.3577
12.4147
12.4718
12.6999
12.6999
13.0421
13.2702
14.2967
14.4678
14.1256
14.1256
14.2397
14.1256
13.8405
13.9546
12.9850
13.2702
13.2702
13.3272
14.1256
14.2397
14.2397
14.1827
14.0116
13.9546
13.6694
13.4983
13.5553
13.4983
13.4983
13.4983
13.4983
13.4413
13.3843
13.2132
12.9280
12.8140
12.6999
12.6429
13.9546
14.1827
14.1256
14.2397
12.4147
12.4147
12.3007
12.3007
12.3007
12.3577
12.3007
12.1866
12.4147
12.6999
12.6999
13.2132
13.2132
13.4983
13.5553
13.5553
13.7264
13.4983
13.3843
13.4413
12.6429
12.6429
12.5858
12.5288
12.8710
12.6999
12.6429
12.6999
12.7569
12.7569
12.8140
12.9280
13.2132
13.9546
14.4678
15.7795
17.0912
17.2053
16.8061
16.8061
16.6350
16.2928
15.4373
15.2092
13.3843
13.2702
13.2132
13.0991
15.3803
15.9506
16.0647
15.6655
15.7225
16.1217
15.8365
16.0076
17.3193
19.4294
19.7146
20.6271
21.7677
22.1098
22.6801
22.8512
21.8817
20.3419
19.5435
19.3154
15.4373
15.1522
15.3803
15.6084
18.6880
18.3459
18.4599
18.5740
18.5740
18.5740
18.2318
18.4599
19.7146
22.4520
23.3645
23.8207
24.4481
26.1590
25.7027
25.1895
24.3910
22.2239
21.3114
20.8552
19.1443
19.0873
18.6880
18.5170
20.2279
20.1138
19.9997
19.8857
19.7146
19.8286
19.7716
19.8286
20.1708
20.5130
22.9083
23.3645
23.9918
23.7637
24.3910
23.4215
23.9348
22.0528
21.5395
21.3114
20.7411
21.1403
20.7982
20.4560
18.4599
18.1177
17.7756
17.4334
17.0342
16.6920
16.2928
16.0647
15.8936
15.6655
16.2928
16.6350
16.4639
16.9201
17.1482
16.9201
16.5209
16.1217
15.8365
15.4373
20.8552
20.3419
19.3154
19.0302
14.5249
14.5249
14.4108
14.3538
14.2967
14.1256
14.1256
14.2397
14.2967
15.3233
15.4944
16.9201
17.6615
18.2888
18.6310
18.1748
17.5474
16.7490
16.4068
16.1217
15.0381
14.8670
14.6959
14.6389
14.8100
14.6389
14.4108
14.1827
14.0116
13.8405
13.8405
13.9546
14.1827
14.2967
15.2662
16.4068
16.3498
17.5474
16.8061
17.1482
16.5209
16.0076
15.7795
15.4944
15.7795
15.4373
15.2092
15.0381
14.8100
14.7530
14.5819
14.4678
14.4108
14.2967
14.2967
14.2967
14.6959
16.0647
17.3764
18.0037
18.2888
18.5740
18.6310
18.3459
17.4334
17.0342
16.1217
16.0076
15.3803
15.2662
15.1522
14.9811
14.4678
14.5249
14.1827
14.1827
14.1827
14.0686
14.4108
14.2397
15.6655
16.2358
16.2928
16.2928
16.7490
17.0342
16.9771
16.8631
16.7490
16.4068
16.3498
16.2928
15.8936
15.6655
14.8670
14.5819
16.2358
16.2928
16.5779
16.2928
16.4639
16.3498
16.4068
17.6045
18.0607
18.8021
19.1443
19.8857
19.9427
20.5130
20.9122
20.2849
20.1138
19.6576
18.9162
18.7451
16.4068
16.1217
16.1787
16.4068
18.0607
18.0607
18.0037
18.0037
18.0037
18.0037
18.0607
18.1177
18.2888
18.6310
18.6880
19.1443
19.6005
20.1138
20.1708
20.1708
19.9427
19.7146
19.4294
19.3724
18.9162
19.2583
18.7451
18.0607
19.3724
19.3724
19.3724
19.3724
19.4294
19.3724
19.4865
19.2583
19.4294
19.7716
19.8857
20.5130
20.9122
21.4255
21.8247
22.6801
22.3950
21.8817
21.3685
21.4255
19.3154
19.3154
19.3154
19.4294
21.5966
21.5395
21.6536
20.9692
20.5700
20.5700
20.5130
20.5130
20.6271
20.6841
20.8552
20.1138
19.8857
19.2013
18.9162
18.4029
18.1748
18.0607
17.8326
17.7185
21.3114
21.9388
21.9388
21.7677
17.1482
16.9771
16.8061
16.5779
16.4068
16.0647
15.9506
15.7225
15.6655
15.6655
15.6084
15.7225
15.6084
15.7225
15.5514
15.2662
15.3803
15.3233
15.2092
15.0381
17.6615
17.4904
17.3764
17.2053
14.2967
14.2967
14.2397
14.0686
13.9546
13.8975
13.8975
13.7264
13.9546
14.1827
14.2397
14.0686
14.2967
14.1827
14.5249
14.3538
14.2397
13.9546
13.7264
13.4413
14.8670
14.6389
14.4678
14.3538
13.1561
13.0991
13.0421
13.0421
12.9850
13.0421
12.8140
12.7569
12.5288
12.2437
12.2437
12.3577
12.2437
12.4718
12.3577
12.1866
12.1296
12.1296
12.1296
12.1296
13.3272
13.2132
13.2132
13.1561
12.2437
12.2437
12.1866
12.4147
12.4147
12.3577
12.4147
12.5288
12.7569
13.7264
13.7264
13.9546
14.5249
14.6959
14.7530
14.4678
14.3538
14.0686
13.6694
13.4413
12.0726
12.1296
12.1296
12.1296
13.6694
13.6694
13.6694
13.6124
13.6694
13.6124
13.7264
13.7835
13.8975
14.0686
14.2967
14.5819
14.5249
14.7530
14.7530
14.6959
14.8670
14.9811
14.9241
14.9811
13.4983
13.5553
13.6124
13.6694
15.1522
15.0952
15.0952
15.1522
15.1522
15.2092
15.2092
15.2092
15.2662
15.3233
15.7225
15.7795
16.2358
16.1787
16.5209
16.1787
16.1217
16.0647
15.9506
16.0076
15.0952
15.0952
15.1522
15.1522
16.2928
16.3498
16.4068
16.4068
16.2928
16.3498
16.7490
16.6920
17.3193
17.4904
17.6615
17.6615
17.8326
17.9467
18.2888
18.1748
18.0037
17.8896
17.7756
17.7185
16.0076
16.0647
16.1787
16.2928
17.2053
17.0342
16.8061
16.6920
16.6920
16.6350
16.5209
16.5209
16.6920
16.6350
16.7490
16.6350
16.5779
16.6350
16.5779
16.6920
16.7490
16.7490
16.7490
16.8631
17.5474
17.4904
17.4904
17.3193
17.0342
17.0912
17.1482
17.2053
17.1482
17.1482
17.1482
17.1482
17.2053
17.4334
17.5474
17.6615
18.0037
18.0607
17.8326
18.0607
18.1177
18.0607
18.2318
17.9467
16.9771
16.9771
17.0912
17.0342
18.2888
18.2888
18.3459
18.4029
18.4599
18.5740
19.0873
19.4865
19.3724
19.7146
20.5130
20.3989
20.8552
22.9083
22.5091
21.9388
21.8817
21.4255
21.1974
21.0833
18.4029
18.4599
18.5170
18.4599
20.6841
20.6841
20.5700
20.5700
20.3989
20.2279
19.9997
19.6576
19.7716
19.7146
19.7146
21.0263
21.5395
21.6536
21.1974
21.9958
21.3685
21.4825
21.4825
21.3685
20.9692
20.7982
20.9122
20.7411
19.5435
19.3724
19.2583
18.8591
17.9467
17.4904
17.3193
16.9771
17.0342
17.0342
17.0912
17.2053
17.0912
17.0342
17.0342
16.9771
16.9201
16.6920
16.6350
16.5779
20.5130
20.3989
19.9427
20.1708
16.1787
16.1217
16.1217
15.9506
15.8936
15.8365
15.7225
15.5514
15.4944
15.5514
15.4944
15.6084
15.4944
15.8365
15.8365
15.8936
15.8936
15.7795
15.6084
15.3803
16.4639
16.4068
16.4068
16.2928
14.9811
14.8670
14.7530
14.7530
14.7530
14.6959
14.5819
14.4678
14.4678
14.7530
14.8100
14.8100
14.9811
15.0952
15.0952
15.1522
14.8100
14.5819
14.5249
14.5249
15.3803
15.3233
15.2092
15.0381
13.8405
13.8405
13.6694
13.7835
13.7264
13.6694
13.7264
13.7835
14.1256
14.5249
14.6389
15.1522
15.0952
15.0381
14.9811
14.5249
14.3538
14.2397
14.1256
14.1256
14.2397
14.1256
13.9546
13.6694
13.7835
13.6694
13.7264
13.7835
13.8405
13.5553
13.4983
13.5553
13.6124
13.7835
13.8975
13.8405
13.7264
14.0116
14.1256
14.0686
14.1827
14.2397
14.1827
14.2397
14.1827
14.1256
14.1827
14.0686
14.1256
14.1827
14.2397
14.1827
14.3538
14.5249
14.6389
14.5819
14.8100
14.9811
15.3233
15.9506
16.2358
16.3498
16.4068
16.6350
16.2928
15.9506
15.4373
15.3233
14.2967
14.3538
14.2967
14.2397
15.8365
15.7225
15.5514
15.3803
14.9811
14.9241
14.7530
14.8670
14.8100
15.0952
15.1522
15.4373
15.4944
16.2928
16.0647
16.0647
16.1217
15.8936
15.7225
15.6655
15.3233
15.5514
15.3233
15.8365
15.1522
15.0952
15.0952
15.0381
15.0381
15.0952
15.0952
15.1522
15.4373
15.6655
16.0076
15.8365
16.0647
16.4068
16.2928
16.6350
16.6920
16.5209
16.3498
16.2358
15.7795
15.6655
15.5514
15.2092
16.3498
16.3498
16.4068
16.4639
16.4639
16.5209
16.5779
16.9771
16.9771
17.3764
17.4904
17.7185
17.8896
18.0037
18.1748
18.1748
18.3459
18.1177
17.9467
18.0037
16.2358
16.2358
16.2928
16.3498
18.2318
18.1177
18.0607
18.1748
18.1177
18.1177
18.1748
18.2888
18.4029
18.5170
19.3154
19.0873
19.3154
19.4865
19.3724
19.3154
19.2013
19.2583
19.1443
19.2013
18.0037
18.1177
18.1748
18.1748
19.3724
19.3724
19.4865
19.4865
19.4865
19.4865
19.4294
19.2013
19.5435
19.4865
19.9427
21.8817
22.7372
25.3035
24.5051
24.5621
23.6497
22.7372
21.7677
21.3685
19.2583
19.3154
19.3154
19.3724
20.9122
21.1974
21.3685
21.2544
21.1403
21.1403
20.3989
20.6271
20.9122
21.1403
22.6801
23.9918
24.2200
24.2200
24.7903
25.0754
24.7332
23.4215
22.4520
21.9388
21.2544
21.1974
21.1403
21.0263
21.7677
21.5966
21.3685
21.1974
20.5700
20.3419
20.1708
21.4255
23.1934
24.7332
25.5887
25.7598
26.4441
27.5847
23.3645
23.8778
22.2809
21.8247
21.9958
21.6536
22.0528
21.8247
21.5966
21.8247
21.1403
21.0263
20.8552
20.6841
20.5130
20.4560
20.4560
20.6271
20.8552
23.0794
21.9958
22.4520
21.9388
23.1934
22.9653
23.1364
22.5091
22.1098
21.7677
21.5395
21.5395
21.5395
21.7106
21.4825
20.9122
20.9122
20.8552
20.7411
20.6841
20.5700
20.3989
20.5130
20.6841
21.8247
21.3114
21.7677
23.1364
22.3950
22.1669
22.9653
22.0528
21.7106
21.0263
20.7982
21.4255
21.0833
20.7982
20.7982
19.8286
19.4865
19.0302
18.8021
18.8021
18.8591
18.9162
19.1443
19.3724
20.2279
20.8552
20.9122
21.4825
21.4255
21.9958
21.9958
21.8247
21.3685
20.7411
20.3419
20.5130
20.5700
20.4560
20.1138
20.3419
20.1708
20.2849
20.0568
20.0568
20.0568
19.9427
20.3989
20.3989
20.4560
17.3764
16.2358
15.9506
16.0647
16.0647
15.6655
15.4944
15.7225
15.7795
15.7225
20.0568
20.1138
20.1138
19.9997
15.0952
15.2092
15.2662
15.2662
15.4944
15.4944
15.2092
15.8936
16.4068
17.2053
18.4599
19.0873
20.1138
21.1403
20.7411
21.0263
20.2849
19.4865
17.7185
17.2053
15.6655
15.6655
15.6084
14.4678
17.0342
17.0342
17.2623
16.8061
17.0342
16.4639
16.6350
16.9201
19.1443
20.1708
21.1974
21.6536
21.0833
22.2239
22.2239
22.3380
21.8247
20.1708
18.6310
18.3459
17.0912
17.0342
16.8631
17.0912
16.8631
16.6920
16.5779
16.5209
16.5209
16.3498
16.1217
16.8061
18.3459
19.8286
21.5966
21.5966
21.9388
21.8817
22.3380
21.9388
22.2239
21.0263
19.7716
19.7146
18.1748
18.0607
18.0037
17.7185
18.8591
17.9467
17.7185
17.3764
17.4904
17.7756
17.6045
18.0607
20.0568
20.7411
21.0833
21.7677
22.3950
22.8512
22.6801
22.8512
22.6801
21.0263
20.3419
20.3989
19.7146
19.8286
20.0568
19.7146
19.8286
19.7716
19.5435
19.2013
19.2013
19.2013
19.2583
19.6576
20.5130
21.5395
22.2239
24.5621
23.5926
25.0184
24.7903
23.4215
23.0223
22.5091
21.5966
21.5395
20.1708
20.0568
19.9427
19.5435
20.6271
20.3989
20.3419
20.0568
19.9997
19.5435
19.7146
19.8857
20.7411
22.3380
23.6497
23.3645
23.0794
24.3340
22.6231
24.0489
23.1934
22.4520
21.5395
21.6536
21.5395
21.3114
21.0833
20.8552
20.1708
19.8286
20.1708
19.9997
20.1138
20.1708
20.3419
20.5130
21.9388
22.6801
22.6801
23.0223
24.0489
24.4481
25.5887
24.2770
23.9918
23.0223
22.2239
21.9388
21.4825
20.9692
21.3114
20.8552
21.3114
21.5966
20.5130
20.3419
19.9997
19.7146
19.4865
19.6576
20.2279
19.8857
20.9122
21.3685
22.0528
22.5091
23.7637
22.5091
22.6801
21.8817
20.5700
19.9427
21.4825
21.4825
21.5395
21.2544
19.2013
18.7451
18.4029
18.0607
17.8326
17.6045
17.7185
18.2888
20.5130
22.2239
22.7942
23.4786
23.7067
23.9348
24.3340
24.4481
24.2200
22.5661
21.5966
21.1403
19.6005
19.3154
19.2013
19.0302
19.3154
19.5435
19.4294
19.3154
19.2583
19.2013
19.2013
19.4294
20.3419
21.6536
22.8512
23.7067
25.0754
24.3910
24.2770
24.1059
23.8207
22.7372
22.2239
21.8817
20.5700
20.3419
19.7716
19.4865
21.4825
21.5966
21.1403
21.0833
21.1974
20.7411
20.6271
21.0833
23.0794
24.6762
25.0184
25.3606
25.6457
26.1590
26.1590
25.7598
25.4176
24.2770
23.7067
22.6801
21.8247
21.7677
21.5966
21.3685
21.7106
21.4255
21.5966
21.4255
21.5395
21.4825
21.3685
21.4255
21.7106
21.9388
22.5091
22.0528
22.7372
22.6231
22.5661
22.1669
21.9388
21.7677
21.5966
21.5395
22.7372
22.3950
22.1669
21.7106
21.0833
20.9692
21.0263
20.9692
20.6271
20.5130
20.4560
20.5130
20.6271
20.4560
19.7146
19.7146
19.5435
19.6576
19.5435
19.6576
19.5435
19.5435
19.5435
19.6005
21.4255
21.4825
21.4825
21.2544
19.6576
19.7146
19.7146
19.2583
18.9162
18.9732
18.9732
19.0873
19.4294
19.3724
19.3724
19.8857
19.8857
19.7716
19.5435
19.0873
18.9162
18.8021
18.5740
18.5170
19.5435
19.6005
19.6576
19.6576
18.1748
18.0607
18.0607
18.0037
17.9467
17.8896
17.8326
17.9467
17.9467
18.0037
18.4029
18.9732
19.6005
19.4865
19.6576
19.6576
18.9732
18.9732
18.8591
19.0302
18.5170
18.5170
18.3459
18.2318
18.5170
18.4599
18.3459
18.1748
18.4029
18.3459
18.2888
18.3459
18.2888
18.2888
18.1748
18.1748
18.1748
18.2318
18.5170
18.4029
18.3459
18.2318
18.1748
18.1177
18.9162
18.9732
19.0302
18.7451
18.4029
18.4029
18.4029
18.4029
18.4029
18.4599
18.5170
18.8021
19.1443
20.2279
20.4560
20.3419
20.9692
21.7106
21.0263
21.5966
21.4825
20.9692
20.7411
20.2849
18.2318
18.2318
18.2888
18.3459
20.4560
20.5130
20.5130
20.5700
20.3989
20.6271
20.5700
20.7411
21.6536
22.1669
23.3075
23.8207
25.1324
24.9043
24.5621
25.3606
25.8738
24.1629
23.3075
23.0223
20.5130
20.4560
20.5700
20.6841
22.1098
21.7106
21.5966
21.3685
21.2544
21.2544
21.4825
21.9958
23.7067
23.5356
24.9043
25.8738
25.4176
26.3301
27.2996
24.8473
22.6801
22.7942
22.6231
22.0528
22.7372
22.5661
22.2809
22.1669
21.9388
22.0528
21.7106
21.8247
21.6536
21.6536
21.5966
21.9388
23.0223
23.7067
25.0754
25.2465
25.8168
26.2160
25.6457
25.9879
25.3035
24.7903
24.0489
23.5356
22.4520
22.2239
22.1098
21.8817
22.6801
22.5661
22.5661
22.6231
22.6801
22.2239
22.4520
22.7942
24.1629
24.9043
26.1019
25.7027
23.4786
22.4520
21.9388
22.0528
22.3380
22.1098
21.9958
22.0528
23.4215
22.9083
22.7942
22.5661
21.8247
21.7106
21.7106
21.5966
21.3685
21.3114
21.3114
21.4255
21.5966
22.7372
23.0223
23.9348
25.5887
25.6457
25.9309
25.8738
24.9613
24.6762
24.4481
23.9918
21.7677
21.6536
21.8247
21.8817
22.6231
22.4520
22.4520
22.6801
22.6231
22.3950
22.2809
22.5661
23.0223
24.6762
25.8168
26.2160
25.3035
26.1019
25.5887
26.1019
25.5887
25.0184
24.2770
23.8778
23.5356
23.2504
22.9653
22.5661
23.0223
22.8512
22.3380
21.9958
21.8247
21.9958
22.4520
23.0223
22.7372
22.2239
22.3950
22.7372
22.7942
23.0794
24.1629
23.1934
22.6801
22.2239
22.3950
22.1669
23.7067
23.2504
23.1934
23.2504
21.3114
21.0833
20.9692
20.9122
20.9692
20.8552
20.6841
20.1138
20.0568
20.1138
20.5130
20.5130
21.0263
20.7411
20.7982
20.3989
20.3419
20.5130
20.5700
20.6271
21.9958
21.8247
21.7106
21.4825
20.3989
20.3419
20.3989
20.2849
20.3989
20.3419
20.4560
20.6841
20.7982
20.5130
20.5130
20.5130
20.6271
20.6271
20.5130
20.5700
20.4560
20.3989
20.3419
20.4560
20.5700
20.5700
20.4560
20.4560
20.6841
20.6841
20.6841
20.7411
20.6841
20.6841
20.6271
20.6841
20.6841
20.6841
20.6271
20.7411
20.9692
20.9692
20.9692
21.0263
21.4255
21.3685
20.9692
20.7411
20.5130
20.6271
20.6841
20.6841
20.7411
20.6271
20.6841
20.7982
20.8552
20.7982
20.5130
19.9997
19.6576
19.7146
20.1138
20.2849
20.9122
20.6271
20.5700
20.2849
20.1138
20.3419
20.0568
19.9997
20.9122
20.8552
20.7982
20.8552
19.3724
19.2583
19.3154
19.3724
19.3724
19.2013
19.3154
19.8286
21.3114
22.9653
23.2504
24.4481
25.4176
24.9613
24.8473
24.7332
25.1324
23.5356
21.7106
21.1974
19.7716
19.4865
19.3154
19.3724
20.6841
19.9997
20.1138
19.4294
19.7716
19.3724
19.7716
21.5395
22.4520
23.0794
23.9918
24.0489
25.0184
26.0449
26.1590
25.7598
25.8738
24.1629
22.9653
22.9083
20.9122
20.7982
20.5700
20.5130
21.9388
21.9388
21.7677
21.3114
21.4825
21.4825
21.5966
21.6536
21.4825
22.0528
21.5395
23.0223
24.2200
25.0754
25.1895
24.2770
23.7067
23.5926
23.2504
23.1934
22.9083
22.2239
21.9388
21.8817
23.5356
23.4786
23.5926
23.5356
23.2504
23.2504
23.2504
24.4481
24.7903
26.2160
26.6152
27.2425
27.5847
26.4441
26.1019
25.7598
25.4176
25.0754
24.5051
24.2200
23.0794
23.0223
23.5356
23.3075
23.4215
23.3645
23.3075
23.3075
23.3645
23.3075
23.4215
24.5051
25.5887
25.9879
27.2996
28.2121
27.5277
28.4402
25.7027
22.2239
22.3380
22.2809
22.1098
21.2544
23.9918
23.9348
23.8207
23.7637
20.2849
20.0568
20.2279
19.9997
19.8286
19.8857
19.8857
20.3989
20.7411
21.4825
22.1098
23.3075
22.9653
24.4481
24.4481
23.6497
22.8512
22.3380
22.0528
21.7677
21.1974
20.9692
20.5700
20.4560
20.9692
20.5700
20.3989
20.1138
20.1138
19.8286
19.6005
19.6576
19.6576
19.6576
19.8286
19.9427
19.4865
19.6005
20.8552
20.6841
19.9997
19.9427
19.9427
19.6576
21.5395
21.3685
21.0833
21.0833
20.1708
20.3419
20.2849
20.0568
20.0568
20.1138
20.1138
20.2849
20.3419
20.5700
20.7982
21.2544
21.4825
21.6536
21.7677
22.3950
21.9958
21.8247
21.9388
22.2809
19.7716
19.7716
19.8857
20.0568
21.9958
21.8817
21.9388
21.7677
21.7106
21.5966
21.6536
21.8247
22.6231
23.0794
23.4786
24.6762
26.1019
25.5887
26.9004
25.7598
24.3910
25.1324
24.9043
24.5051
22.3380
22.1098
22.1669
22.0528
23.7637
23.7067
23.5926
23.6497
23.7067
23.7067
23.9348
24.4481
25.3035
26.4441
26.2730
27.6988
27.6988
28.1550
26.6722
25.8168
26.0449
25.5887
25.0184
24.6762
24.3340
24.0489
24.1629
23.9348
23.9348
24.0489
23.9918
23.9348
23.8207
23.6497
23.7637
24.1059
24.5621
25.7027
27.4707
26.7863
27.8128
28.7253
28.5542
27.6418
26.5582
25.7598
25.3606
24.8473
24.2770
24.2770
24.2200
24.1059
24.1059
23.9348
23.9918
23.9918
23.8778
23.8778
24.2200
25.3035
26.9004
27.4707
28.3261
28.3261
29.2386
29.1245
28.2121
23.7637
22.6801
23.3645
23.4215
23.3645
24.6192
24.3910
24.3340
24.1059
22.6801
22.6801
22.7372
22.7372
22.9083
22.8512
22.9653
23.3645
24.7903
25.3606
25.1895
27.2996
28.3831
25.8738
23.7637
24.3340
23.8207
23.3645
23.1364
22.3380
23.1364
23.1364
22.9083
22.8512
22.5661
22.5091
22.5091
22.3950
22.3380
22.3950
22.6231
22.8512
23.6497
24.2770
25.8738
27.1855
28.2121
28.3831
28.0410
28.3831
25.8168
23.5926
22.6801
22.5091
22.2809
22.3950
22.3380
22.3950
22.3950
22.3950
22.6801
22.6801
22.1098
22.1098
21.9388
21.9958
21.9958
22.3380
23.2504
24.3910
23.7637
25.8168
26.5582
26.1019
25.1895
24.8473
23.6497
23.5926
22.4520
22.2239
22.2809
22.2809
22.5091
22.5091
22.5661
22.5661
22.5661
22.3950
22.7372
23.0794
23.9348
24.5051
24.9043
23.4215
25.5316
27.6418
24.3910
23.4215
22.9083
22.6231
22.2239
21.9388
23.4215
23.3645
23.1934
23.3075
21.8247
21.8817
21.8817
21.8817
21.7106
21.8247
22.1098
22.7942
23.5356
24.1059
25.5887
26.0449
27.1285
28.1550
28.0410
27.9269
25.2465
24.5621
23.7637
23.5926
21.9958
22.3380
22.1098
21.8817
23.3645
23.2504
23.0794
22.9653
22.9083
22.7372
23.4215
24.9613
25.8738
26.4441
27.5277
27.1855
27.1285
28.0980
29.4097
28.5542
28.5542
27.2996
25.7027
25.3035
24.1629
24.2200
23.9918
23.4215
23.5926
23.5926
23.3645
23.3645
23.1934
23.0794
23.9918
25.1324
26.1019
26.2730
27.5847
28.4972
29.4097
28.3831
28.6113
28.4402
28.7824
28.3261
25.9879
25.5887
24.5051
24.5051
24.1059
23.8778
24.1629
23.7637
23.6497
23.4786
23.6497
23.4786
23.8778
25.3035
26.1019
27.1285
28.2691
29.5237
29.5808
30.2651
27.4136
26.5012
26.5012
25.8738
25.0754
23.7637
25.5316
25.0184
24.6762
24.5051
22.6801
22.5091
22.6231
22.7372
22.5661
22.7942
22.9083
23.0794
23.5356
24.2200
25.0184
26.6152
27.6418
28.2121
27.9269
24.2770
21.1403
20.9692
21.3685
21.5966
23.5926
23.0223
22.9653
22.8512
22.3950
22.4520
22.5091
22.4520
22.6801
22.6801
22.8512
23.2504
23.9348
24.2770
25.1895
26.1590
27.0144
26.6722
25.5316
26.7863
25.9309
25.7598
25.3035
24.8473
21.7106
22.1098
22.2809
22.3950
23.7637
23.5926
23.5356
23.4786
23.5356
23.4786
23.5926
23.8207
24.1629
24.5621
24.2770
22.5091
22.2809
23.0223
24.2770
23.8778
23.7067
23.0794
22.7942
22.2809
24.7903
24.5051
24.1629
23.9348
22.3950
22.3950
22.4520
22.3380
22.2239
22.1669
22.2809
23.0794
24.2200
26.1590
26.5582
27.9839
28.1550
27.1855
26.6722
28.2691
26.6152
26.2160
25.4176
25.1895
23.6497
22.1098
22.3380
22.2809
22.5661
22.6801
22.4520
22.3380
21.9388
22.1098
22.3380
23.7637
24.1059
25.8738
24.6192
25.2465
26.5582
26.9004
25.7598
27.4136
25.4176
25.2465
24.5051
24.1629
24.6762
24.6762
22.5091
22.3950
22.1098
22.2809
22.3380
22.2239
22.1098
21.9958
22.0528
22.5661
24.3910
25.8168
25.5887
26.7863
27.1285
26.7293
27.0715
26.9574
26.0449
24.8473
23.9348
23.5356
23.8207
23.4215
23.0794
22.6231
23.4215
23.2504
23.2504
23.1934
23.0794
23.0794
23.1364
23.0794
23.9348
23.9348
25.3606
25.3035
25.4176
26.7293
26.6152
26.5582
25.4746
24.6192
23.8778
23.4215
23.3645
23.2504
23.2504
23.1934
22.8512
22.8512
22.7372
22.7942
22.7372
22.7942
22.8512
23.0794
23.0794
23.9918
24.2200
23.5926
22.1669
22.4520
22.8512
22.9653
23.1364
23.2504
23.2504
23.0223
23.4786
23.0223
22.9653
23.0794
22.6801
22.6231
22.5091
22.4520
22.4520
22.4520
22.4520
22.7942
23.2504
23.8207
24.2200
24.9043
24.9613
25.7027
24.5051
23.5926
23.6497
23.8778
23.3645
22.9083
23.1364
22.9653
22.6801
22.7942
22.3950
22.5091
22.5661
22.5091
22.5091
22.5661
22.7942
23.5356
25.4176
26.8433
26.5582
27.4707
26.3301
27.9269
27.2425
26.5582
24.9043
24.5051
24.5051
22.7942
22.6801
22.6231
22.4520
22.3950
22.3380
22.2809
22.5091
22.6231
22.6801
22.6231
22.5091
22.2239
22.1098
22.1098
21.9958
22.2239
22.1669
22.5661
23.5356
22.5091
22.2809
22.3380
22.2809
22.1669
22.3950
22.3950
22.3950
22.2809
22.0528
22.3380
22.2239
22.3380
21.8817
22.0528
22.3380
23.1934
23.3645
24.7903
25.1895
24.5051
24.9043
24.1059
25.3035
24.4481
23.9918
23.8207
23.1934
22.2809
22.1669
22.1098
22.1098
22.1669
21.5395
21.5395
21.7106
21.6536
21.4825
21.1974
21.7677
23.0794
23.8778
23.6497
24.7332
25.7598
24.5051
24.7903
24.9613
24.9613
24.6762
23.9918
23.9348
23.3645
21.8247
21.7106
21.6536
22.0528
22.7372
23.0794
22.5661
22.7942
22.6801
22.6801
22.9083
23.0223
23.1364
23.9348
24.6762
25.0754
27.0144
26.5012
27.6418
27.8128
26.5582
25.7027
25.1324
24.0489
23.0223
23.3075
23.5356
23.3645
22.5091
22.6231
22.3380
22.3380
22.4520
22.4520
23.1934
24.5051
25.3035
24.2200
25.0754
24.9613
26.1019
26.2160
27.7558
26.8433
26.9574
26.2160
24.9613
24.2770
23.4215
23.1934
22.7942
22.7942
23.8207
23.8207
22.9083
22.9653
22.9083
22.8512
22.7942
22.8512
23.5356
24.7332
26.0449
26.4441
26.6152
25.6457
26.0449
25.4176
24.4481
24.3910
24.1059
23.8778
23.9918
23.8778
23.8778
24.1059
22.5091
22.7372
22.5091
22.5091
22.5091
22.4520
22.5091
22.8512
22.9083
23.4786
23.4786
23.7637
23.8207
23.5356
22.8512
23.0223
22.9083
23.1364
23.0794
22.4520
23.9918
23.1364
22.4520
22.4520
22.7942
22.7942
22.7372
22.7372
22.7372
22.7372
22.8512
23.1934
23.5926
24.3910
25.3606
25.2465
26.2730
25.4176
23.1364
23.0794
22.9083
22.2239
22.3380
22.3950
22.4520
22.7372
22.7372
22.6801
22.6801
22.5661
22.3380
22.3380
22.3380
22.3950
22.3950
22.6231
22.6801
23.3075
23.0794
23.7637
23.6497
24.2200
22.7942
23.5356
23.0794
22.8512
22.7372
22.6231
22.5091
22.7372
22.7372
22.7372
22.3380
22.4520
22.3950
22.3950
22.3380
22.2809
22.2809
22.5091
22.7942
22.8512
23.4215
24.2200
24.7332
24.6762
24.8473
24.7332
25.1324
24.9613
23.7637
23.4786
23.0223
22.5661
22.5091
22.3380
22.6801
22.7372
22.5091
22.4520
22.3950
22.2239
22.3380
22.3380
22.8512
22.0528
22.6231
23.9348
24.5621
25.1895
25.9879
26.0449
24.4481
24.3910
23.7067
23.4786
23.4215
23.5926
22.7942
22.6231
21.9388
21.7677
21.7677
21.7677
21.7677
21.7106
21.8247
21.9958
22.5091
22.6801
24.1629
24.7903
26.1019
26.0449
25.5887
25.5316
25.3035
24.7903
23.7067
23.0794
23.3645
23.3645
22.2809
21.9958
22.8512
22.6801
22.4520
22.6231
22.3380
22.3380
22.3950
23.1934
24.7332
25.3035
25.9309
25.1324
24.7903
24.1059
23.9348
24.3910
24.8473
24.3340
23.7067
23.3075
22.9653
22.9083
23.0794
22.9653
22.9653
22.7372
22.5091
22.3380
22.1669
22.3380
22.3950
23.1934
24.9043
24.2200
24.9043
25.0754
24.6192
24.7332
24.8473
24.2770
24.2200
23.9918
23.2504
22.9653
23.3075
23.4215
23.2504
23.1364
22.5661
22.7942
22.8512
22.8512
22.7372
22.5661
22.7942
23.8207
25.0184
25.4176
26.6722
26.4441
27.1855
25.5887
27.8128
26.9004
26.1019
25.4176
24.7903
24.3340
22.7942
23.0794
22.6801
22.5091
23.7067
23.4786
23.2504
23.1364
22.9083
22.9083
23.8778
24.7903
26.1590
26.9574
28.4402
26.9574
27.5277
27.8128
25.3035
26.7293
27.2425
25.3035
24.6192
24.0489
24.2200
24.1059
24.0489
23.8207
23.9348
23.9348
23.8207
23.2504
23.1934
23.1934
23.4215
24.1059
24.9613
25.9879
26.7293
26.7293
26.8433
27.6988
28.5542
28.0980
26.6152
24.6762
25.1324
24.5621
24.0489
23.9918
23.9918
24.0489
23.8778
23.5926
23.4215
23.1364
23.0794
22.7372
23.7637
25.1324
25.4176
25.1324
27.0144
27.7558
26.9574
28.0980
28.5542
28.2121
27.6418
26.0449
25.5316
24.7332
24.7903
24.7903
24.3340
23.8207
23.9918
23.6497
23.1934
22.9653
23.1934
22.9653
23.3645
24.6192
26.1019
27.5847
27.4707
24.1629
24.3340
25.4746
25.7598
25.9309
25.7598
25.2465
24.7332
24.1059
24.4481
24.5051
24.5621
24.4481
23.9918
23.8207
23.5926
23.3645
23.1364
23.3075
23.4786
25.4176
26.5012
27.0715
27.6988
29.0105
29.5808
27.9269
29.2956
29.1245
28.4402
26.6722
24.7903
24.3340
24.2770
24.1629
23.8778
23.9348
23.5926
23.4786
23.3075
23.2504
23.4215
23.5926
23.9918
24.7332
25.7027
26.7293
26.6152
27.2996
28.0410
29.4097
26.5012
27.8699
26.7863
26.3871
26.0449
25.5316
24.1059
23.8778
23.8778
23.7637
24.5621
24.2770
24.3340
24.2770
24.0489
24.1059
24.3910
24.5621
25.0184
26.2160
24.3340
24.7903
23.4786
24.6192
23.9348
23.4215
23.7067
23.6497
23.3645
23.0794
25.2465
25.0754
24.7903
24.6762
22.5661
22.6231
22.6231
22.6801
22.6231
22.6231
22.9083
22.8512
23.3075
23.8778
25.0754
25.5887
27.4707
27.8699
26.6152
26.7293
24.2200
23.8778
22.7942
22.5091
22.9653
22.9653
23.2504
22.9083
22.3950
22.3380
22.2809
22.2239
22.2239
22.1669
22.7372
23.8778
24.9043
25.3606
26.6722
27.1285
26.7863
26.2160
27.0715
26.7293
26.6722
25.5316
25.1895
24.3910
22.3950
22.7372
22.5661
22.5091
22.6801
22.6231
22.8512
22.9653
22.9083
22.9653
23.1364
23.7067
23.5356
23.8207
23.9918
24.6762
26.8433
26.9574
26.5012
26.5582
25.7598
25.0184
24.4481
24.1059
23.9918
23.4215
23.1364
22.7942
23.4215
23.3075
23.1364
23.2504
23.3075
23.2504
23.7637
24.4481
24.8473
25.2465
26.3301
26.1019
27.0715
28.0410
27.7558
26.3871
25.4746
25.3606
24.5051
23.8778
23.7637
23.7067
23.7637
23.7067
22.3950
22.1098
22.3950
22.0528
22.1669
22.3950
22.5091
23.2504
23.0794
24.2770
25.4176
25.5887
25.5887
26.1019
25.6457
24.6762
24.8473
22.5091
22.5661
22.7942
24.0489
21.9388
22.2809
22.4520
22.6231
22.6231
22.5661
22.5661
22.5091
22.6801
22.6801
22.6231
22.5091
22.8512
22.9083
23.3645
23.5356
23.5356
25.0184
24.6192
24.9043
23.3645
22.5091
22.6231
23.1364
22.8512
22.9083
22.6801
23.3075
23.3075
23.2504
23.5926
23.2504
23.0794
22.7372
22.7942
23.0223
23.3645
23.8207
25.3606
24.9613
26.0449
27.0715
26.6152
26.7863
26.1590
25.5316
25.1895
23.0223
23.0223
23.5356
23.5356
23.7637
23.5356
23.7067
23.5356
23.6497
23.1364
24.0489
25.1895
25.5887
26.7863
26.6722
27.4136
27.6418
27.5847
28.1550
27.7558
27.4707
26.4441
25.6457
23.5356
24.6192
24.3340
24.1059
23.7637
23.5356
23.9348
23.6497
23.7067
23.8778
23.5356
23.8778
25.3035
27.1285
27.6988
28.1550
27.6988
28.2691
28.4402
27.8699
26.0449
25.8738
24.4481
23.1934
22.9653
23.5926
23.9918
23.8207
23.7637
22.3380
22.7372
22.4520
22.7942
22.3380
22.5661
22.8512
23.7067
24.1059
24.3340
25.4176
26.8433
28.0980
23.8778
22.7942
22.9083
23.0794
23.0794
23.1364
23.0223
22.6801
22.5661
22.5661
22.4520
22.9653
22.9653
22.9083
23.0223
23.0794
22.9083
22.8512
22.8512
23.0223
23.3645
23.3075
22.8512
22.8512
22.9653
22.9083
22.7372
23.0794
23.2504
23.0794
22.6801
23.0223
23.0223
23.0223
22.9653
23.3075
23.4215
23.1934
22.5091
22.5091
22.5091
22.6801
22.7372
23.3645
23.7637
23.9918
22.9083
23.4786
23.8207
24.5621
24.6762
24.9613
22.6801
22.7942
22.6231
22.9653
23.2504
23.3075
23.2504
22.4520
22.4520
22.5661
22.5661
22.6231
22.6231
22.6801
22.9083
22.9083
23.6497
24.1629
24.0489
24.8473
24.8473
25.9309
25.0754
25.4176
25.0184
24.2200
24.3340
22.5091
22.5091
22.5091
22.5661
23.7637
23.5926
23.6497
23.5356
23.5926
23.5356
23.9918
24.9613
24.9043
25.4746
25.5887
22.7942
24.7332
26.0449
25.8738
25.0184
25.4746
25.0754
24.9613
24.5621
24.2200
24.1629
24.0489
23.9348
23.8207
23.8207
23.7637
23.6497
23.6497
23.6497
23.8207
24.9043
25.3606
26.7863
26.5012
25.6457
25.1895
25.1324
22.7372
24.0489
25.1324
24.8473
24.4481
23.8778
24.2770
24.2770
24.1059
23.9918
24.0489
23.9348
23.0794
22.9653
22.9653
23.0223
23.2504
23.5356
24.2770
25.6457
26.2730
27.1855
23.0223
23.8207
25.3035
25.6457
25.3035
24.9613
23.7067
23.6497
24.0489
24.1059
23.9918
23.9348
22.6231
22.8512
22.7372
22.6231
22.5661
22.5661
23.2504
24.9613
25.4176
27.3566
27.4136
27.5847
28.6683
28.6113
28.6113
28.6113
28.3831
27.4707
25.5316
24.5621
23.7067
23.2504
22.6231
22.4520
23.9348
23.4786
23.2504
23.1364
22.9083
22.9653
23.4215
25.1324
26.8433
28.0980
28.7824
28.9534
29.6378
29.8659
29.5237
30.1511
27.3566
27.2425
25.9309
24.5621
24.4481
24.1059
24.2770
24.1629
24.6192
24.6762
24.8473
24.6762
24.1629
22.6801
22.6231
23.1364
23.2504
23.1364
23.7067
24.0489
22.5091
22.7942
24.6192
23.1934
22.7372
22.8512
22.8512
22.5091
23.4786
23.4215
23.3075
23.8207
23.2504
23.0223
22.6801
22.7372
22.7372
22.4520
22.5661
23.1934
24.3910
24.0489
24.6192
25.1895
26.4441
25.5316
23.8778
25.8168
25.2465
23.9348
23.5926
23.1364
22.3950
22.7372
23.3075
23.2504
22.7942
23.2504
23.5926
23.3075
22.5661
22.3380
22.3950
23.5926
25.3606
25.5887
25.5887
25.2465
22.9083
23.8207
24.1059
24.3910
24.5621
25.6457
23.3645
23.1934
23.3075
23.0223
22.7942
22.7942
22.7942
22.9083
22.5091
22.4520
22.2239
22.2809
22.8512
24.4481
26.1590
26.5012
26.6722
27.1285
27.4136
27.9839
27.9269
27.8128
26.3301
26.0449
25.3606
23.9348
23.1364
23.1364
22.9653
23.0223
22.9083
22.8512
22.6801
22.3380
22.2239
22.1669
22.9653
24.9043
25.8738
27.3566
26.6722
27.8699
27.8699
28.4402
27.0715
27.9839
27.9269
27.0715
24.9613
24.3910
23.9348
23.5356
23.8207
23.6497
23.2504
23.1364
22.7942
23.1934
23.1364
22.6801
23.3075
25.4746
24.6762
25.1895
26.1590
27.4136
27.2425
28.3831
27.4136
25.4176
23.7637
24.1629
23.8778
23.5926
24.7332
24.0489
24.0489
23.7637
23.5926
23.7067
23.6497
22.6801
22.6231
22.6231
22.9653
23.0223
22.9083
24.1059
24.3910
25.8738
26.2160
25.9309
26.5582
25.4746
24.1059
23.7637
23.5926
23.0794
23.7067
23.7067
23.8207
23.7637
23.0223
23.1364
23.1364
23.0794
23.0794
22.9083
23.0223
25.0754
25.7027
26.7293
26.8433
27.9839
27.2996
27.7558
23.2504
25.7027
26.5582
24.2770
23.7067
23.4215
22.8512
23.0223
22.9653
22.9083
23.0794
22.9083
22.8512
23.3075
23.2504
23.3645
23.9348
24.7332
25.8168
25.5887
25.9309
26.6722
27.4707
27.4707
23.0223
25.7598
27.1285
26.8433
24.1629
23.8778
23.7637
23.1934
23.3075
22.9653
23.6497
23.8207
23.2504
22.8512
23.1364
23.1934
23.5356
24.8473
26.4441
26.5012
27.7558
28.0410
29.1245
28.0980
27.8699
28.6683
29.1816
27.2996
26.1590
25.6457
23.8778
24.3340
24.1059
23.7637
23.7067
23.6497
23.4786
23.3075
22.6801
22.5661
23.0794
25.1895
25.9309
26.7293
27.5847
28.2691
28.7253
29.0105
28.7253
29.6948
28.5542
27.3566
25.9309
25.4746
25.1324
24.6192
24.2770
23.9348
24.0489
23.8207
23.6497
23.7067
23.6497
23.4786
24.2770
24.9613
25.9309
27.0715
27.5277
28.2691
29.0675
29.1245
29.0675
30.0940
27.8699
27.0144
26.3301
25.6457
25.1895
24.7332
24.2770
24.2200
23.8778
23.7067
23.5926
23.5356
23.3645
23.1364
23.7637
25.0184
26.3301
26.5582
27.2996
28.3831
28.6683
29.2386
29.6378
28.9534
27.5277
27.5847
26.0449
25.5316
25.1895
24.7332
24.5051
24.1629
23.9348
23.7637
23.5926
23.4215
23.5926
23.4786
23.8207
24.6762
26.1590
26.9574
27.0715
28.6683
28.4972
29.2956
29.4667
29.1245
27.4707
25.8738
25.3606
25.0184
25.1324
24.7332
24.4481
24.1629
23.9918
23.8207
23.7067
23.5356
23.4215
23.4786
23.9918
25.4746
26.1590
26.6722
28.0980
28.0410
29.8659
29.8089
29.8089
29.1245
29.0675
28.5542
26.6152
25.6457
24.9613
24.9613
24.4481
24.1059
24.3910
24.3340
24.3910
24.2770
24.2200
24.3340
24.5051
26.1019
26.1590
28.9534
27.9839
28.8394
29.4097
29.6948
30.4362
29.9230
29.4667
27.6418
26.6722
26.1590
25.1895
24.9613
24.8473
24.5621
24.7903
24.5051
24.3340
24.1059
24.0489
23.9918
24.5621
25.0184
26.6152
26.8433
28.3261
28.7824
30.0940
23.1934
23.9348
24.6762
25.4746
25.1895
24.7332
24.7332
25.6457
25.4746
25.2465
24.9613
24.2200
24.1629
23.9348
24.0489
24.0489
23.9348
24.1629
24.3910
25.0184
25.6457
25.8168
26.5582
27.0144
26.3871
23.1364
23.8207
24.0489
23.9348
23.5356
23.2504
24.7332
24.9043
24.6762
24.3910
23.4786
23.4215
23.4786
23.5356
23.5356
23.5356
23.7067
25.1324
25.5887
26.9004
27.4136
28.1550
26.9574
27.5847
27.3566
25.9309
27.8699
25.9309
24.9043
24.1629
23.3645
23.5356
23.6497
23.8207
23.8207
23.8778
24.1059
23.9348
23.7637
23.3075
23.7637
25.5887
25.8738
27.4136
28.2691
29.0105
29.1245
30.3222
29.6948
30.0370
29.6378
28.6113
26.1019
25.7027
24.1059
23.9918
23.8207
23.9918
24.4481
24.2200
23.8778
23.7637
23.9348
23.3075
23.4786
23.7067
25.0754
26.0449
28.0410
28.7253
29.0675
29.5237
28.8964
26.7293
25.9309
25.8168
25.4176
24.5621
25.1895
24.7332
24.6192
24.5621
23.6497
23.4215
23.2504
23.1364
22.9083
23.0794
23.2504
24.9043
26.0449
27.4707
28.0410
29.2386
30.0370
29.0675
29.4667
29.3527
29.2956
27.8699
26.2730
25.5887
24.1629
24.0489
24.1629
23.9348
25.0754
25.1324
24.4481
23.9918
24.2770
24.1059
24.1059
25.1895
25.6457
26.4441
26.7293
28.6113
27.4136
29.6948
28.2121
28.2691
27.5847
25.6457
23.5356
23.4786
25.6457
25.3035
25.0184
24.7903
23.6497
23.2504
23.5356
23.5926
23.7067
23.7637
23.8778
24.1059
24.3340
24.5621
25.2465
25.1324
26.1019
25.8738
25.7598
25.7598
25.7027
25.5316
25.0754
25.3035
24.3340
24.3340
23.9918
23.7067
24.5621
23.5356
23.1364
22.2809
22.8512
22.2239
22.6231
22.9083
23.0223
23.3075
23.8207
23.4215
23.3075
23.0223
23.0223
23.1934
23.1364
23.0223
22.9083
22.9653
25.0754
24.9613
24.1059
24.4481
22.7372
22.7372
22.6801
22.5091
22.6231
22.6231
22.7372
22.9083
23.0223
23.3075
23.8207
23.4215
23.3075
23.0223
23.0223
23.1934
23.1364
23.0223
22.9083
22.8512
23.1934
23.3645
22.8512
23.0794
22.4520
22.3950
22.3950
22.3380
22.3950
22.3950
22.3950
22.3380
22.3380
22.3380
22.4520
22.5091
22.3950
22.1669
22.2239
22.1098
22.0528
22.3950
22.2809
22.2239
22.7942
22.6231
22.6801
22.6231
22.3380
22.2809
22.2809
22.3380
22.3950
22.3950
22.5091
22.5091
22.4520
22.3380
22.3380
22.4520
22.6801
22.7372
23.5926
22.9653
23.5926
23.1934
22.9083
22.5661
22.3380
22.4520
22.4520
22.3950
22.5091
22.4520
22.4520
22.2809
22.2239
22.3380
22.5091
22.6801
22.9653
23.1934
22.6801
23.1934
24.3340
24.8473
26.0449
26.0449
25.7598
24.1059
22.5661
22.5661
22.8512
22.7372
22.5661
22.5661
21.9388
21.9958
21.9388
21.9388
21.8817
21.8247
22.0528
23.3645
24.5621
26.2160
26.7293
27.2425
27.8699
28.0410
28.7824
28.7253
27.9839
26.5012
24.8473
24.2770
22.3950
22.1098
22.0528
21.9958
23.5926
23.0794
23.4786
23.4786
23.1364
22.7372
23.2504
24.7332
26.2160
27.4707
28.1550
27.5847
27.8128
29.5237
27.8699
28.8964
26.5012
26.8433
25.4176
24.9043
24.0489
23.9348
23.7067
23.7637
23.4215
23.2504
23.1364
22.9653
22.9083
22.6801
22.9083
24.7903
26.4441
27.0715
28.4972
28.2121
29.1816
29.4667
29.3527
27.8128
28.8394
27.1855
25.8168
25.2465
25.0184
24.4481
24.1629
23.8207
24.0489
23.9348
23.6497
23.6497
23.9918
23.9918
23.6497
24.3340
26.2160
27.9839
28.3261
29.5237
29.6948
29.1816
28.3831
28.6683
27.8128
25.8168
26.1019
25.4176
24.9613
24.7332
24.3910
24.3340
24.1059
24.0489
23.9348
24.1629
24.1629
23.7637
23.7637
25.5887
27.3566
28.7253
29.4097
29.6378
30.0940
29.9230
28.5542
28.7253
28.6683
27.0144
25.6457
25.3606
24.6192
24.5051
24.2770
24.1059
24.5051
24.2770
24.9043
24.1629
24.4481
24.2200
24.4481
24.9043
25.9879
28.0410
29.0675
28.8964
29.4097
29.1816
25.3606
26.6722
26.9004
26.7293
25.4746
24.9613
25.0754
25.0184
24.9043
24.6762
24.0489
24.2200
24.0489
24.3340
23.9918
23.7067
23.9348
24.6762
26.2730
27.9839
27.9839
28.4972
27.4707
27.8699
27.7558
27.1285
25.9309
25.3035
24.6762
24.4481
24.6762
24.5621
24.3340
24.0489
23.9348
23.8207
23.9348
23.8207
23.8207
23.8778
24.0489
23.8207
24.2200
24.3910
24.9613
25.1324
25.4176
24.8473
24.9613
24.6762
24.3910
24.3910
23.2504
22.7372
24.1059
24.1059
23.8778
23.8207
22.7942
22.6231
22.6801
22.7942
22.9653
23.1364
23.1364
23.5356
23.4786
23.9918
24.2770
24.3910
23.0223
22.7372
23.1934
23.4786
24.6192
24.6762
23.1934
22.5661
22.6231
22.6801
23.0223
22.7942
22.7942
22.6231
22.6801
22.7942
22.9653
23.1364
23.1364
23.5356
23.4786
23.9918
24.2770
24.3910
23.0223
22.7372
23.1934
23.4786
24.6192
24.6762
23.1934
22.5661
22.5091
22.5661
22.3950
22.4520
24.4481
23.8778
23.5926
23.6497
23.6497
23.5926
23.8778
25.1895
26.7293
27.8699
29.0105
28.8964
29.2386
29.4667
29.6948
29.3527
28.4402
27.4707
25.8738
24.9613
24.7332
24.7332
24.7332
24.7332
24.5051
23.9918
23.9918
23.5356
23.5926
23.6497
23.7637
24.7332
26.5012
28.0980
28.5542
28.4402
22.5091
25.2465
27.6988
26.2160
25.0184
24.1059
23.8207
23.9348
24.9613
24.8473
24.9613
25.0184
23.4215
23.2504
23.2504
23.0223
22.9083
22.8512
23.0794
23.9918
24.7903
25.5887
27.2996
27.6988
28.6113
22.7942
25.1895
26.2730
25.3606
24.3340
24.0489
23.8778
23.7067
23.4215
23.4215
23.3645
23.9918
23.8778
23.7637
23.5926
23.3645
23.4215
23.3075
24.3910
26.6722
26.9004
24.0489
23.7637
23.5926
26.3301
27.5847
25.8168
24.5621
22.7942
22.9653
22.7372
23.8778
24.1629
23.7637
23.8778
22.6231
23.0223
22.5661
22.3950
22.3950
22.2809
22.7942
23.7637
25.9309
26.5012
25.8738
27.4136
25.9879
27.1285
28.6683
27.5277
24.8473
24.5051
24.2200
23.7637
22.8512
22.8512
22.8512
22.7372
23.5356
22.9653
22.9653
22.9653
22.6801
22.6801
22.5661
23.0794
24.1629
25.2465
25.8738
26.9004
27.2425
26.7863
26.2730
26.5582
25.4176
25.0184
24.5621
24.1629
24.0489
24.0489
23.8778
23.7637
23.5356
23.5356
23.4215
23.4786
23.1364
23.0223
23.0794
23.7067
24.3340
25.7598
27.7558
28.6683
28.5542
28.0980
28.3261
26.5012
26.6722
25.6457
24.6192
23.5926
23.9348
23.5926
23.5356
23.5926
23.0223
23.1364
22.9653
22.9653
22.8512
22.7372
22.9653
24.9613
26.4441
26.9574
28.0980
28.8394
29.0105
29.3527
29.2386
29.3527
29.1245
27.7558
26.0449
25.4746
22.7942
22.8512
23.1934
23.1364
24.4481
24.5051
24.4481
24.7332
24.5621
24.4481
24.8473
25.2465
25.9309
25.3606
25.6457
27.9839
29.0675
22.8512
23.4215
25.0184
25.5316
25.2465
23.3075
23.5926
25.1324
24.9613
24.9043
24.9043
24.5621
24.4481
23.8207
23.2504
23.6497
23.2504
23.3075
23.6497
23.1364
24.1629
24.2200
24.5621
24.5621
23.7067
23.0794
23.2504
22.9083
23.2504
23.3075
22.9083
24.0489
24.2200
24.2200
24.4481
23.5926
23.4786
23.0223
22.9653
22.9653
22.9083
22.9653
23.1934
23.5356
23.8207
23.6497
24.5621
26.1019
25.9309
25.5316
27.3566
25.9879
27.0144
24.6192
24.1059
23.4786
23.7067
23.5926
23.4786
22.9653
22.8512
22.7942
22.8512
23.0223
22.6231
22.8512
25.0184
26.0449
26.7863
28.3261
28.2691
29.1816
30.0370
28.9534
28.4972
28.4402
26.7863
25.1324
25.0184
23.7637
23.7067
23.4215
23.2504
23.9918
23.7637
23.5926
23.5356
23.3645
22.9083
23.0223
24.5621
26.0449
27.1285
27.8699
29.2956
28.7253
28.8964
29.5237
29.1816
28.6683
26.6722
25.4176
25.1324
24.3910
24.1059
23.8778
23.8778
24.4481
24.1629
23.8207
23.4786
23.4215
23.2504
23.3645
24.8473
25.9879
26.5012
27.7558
28.7253
27.2425
28.6683
27.8128
23.4215
24.2770
23.9348
23.5926
23.1364
25.7598
25.5316
25.1324
24.6762
22.8512
22.7942
22.7942
22.8512
22.9653
22.9653
22.9653
23.2504
23.3075
24.1059
24.6192
25.6457
23.9348
25.0184
25.7598
24.5621
22.1669
22.2809
22.2239
22.1098
23.2504
23.0794
23.3075
22.9653
22.3380
22.3950
22.1669
22.2809
22.3950
22.5661
22.3950
23.1934
24.0489
26.1019
26.2730
24.6192
26.1590
27.7558
27.1855
26.2730
26.7293
24.7332
24.3910
24.1629
22.0528
22.1098
22.1098
22.3950
23.5926
23.3645
23.3075
23.1364
23.0223
23.0223
22.9653
23.4786
25.0754
26.0449
27.0144
27.1855
27.8128
27.4707
27.7558
28.0410
26.2160
26.2160
24.5621
24.1629
23.3645
23.6497
23.7067
23.7067
23.2504
23.1364
23.4786
23.4215
23.4215
22.5661
22.6231
24.5051
25.9879
26.2730
26.6722
28.1550
28.8964
27.8128
28.0980
28.4402
27.3566
26.7863
25.3606
24.9043
24.4481
23.7067
23.9348
23.4786
24.9043
24.5621
23.9348
23.9348
23.1934
23.4215
23.4215
24.2200
25.2465
26.5012
27.5277
27.7558
27.5847
28.8964
27.8128
28.6113
27.3566
25.7598
24.7903
24.5621
25.3606
25.3606
24.9613
24.6762
23.9348
23.7067
23.7067
23.5926
23.3645
23.3645
23.4786
25.0754
26.6152
27.4707
27.3566
28.1550
29.0675
29.1245
28.4972
28.8964
27.7558
26.0449
25.4176
24.6762
24.6192
24.3910
23.8778
23.7637
23.6497
23.3645
23.1934
23.1364
22.9653
22.6801
22.7942
24.5051
26.0449
27.4707
28.2121
29.0105
29.0675
28.0980
29.5237
28.8394
28.0980
26.6722
25.3035
25.0184
24.3910
24.0489
23.9918
23.7067
24.1629
24.2770
23.5356
23.6497
23.5356
23.3645
23.3645
24.7332
26.1019
27.7558
28.4972
28.2121
30.0370
28.6683
27.8699
29.0675
26.5012
26.2160
25.0754
24.7903
24.7903
24.5621
24.5051
24.2200
23.8778
23.6497
23.3075
23.1934
23.0223
23.1364
23.1364
24.0489
25.9309
27.1285
28.2121
28.7824
28.4972
29.1245
28.4402
28.4402
28.4972
26.2730
25.4746
25.2465
24.4481
24.5051
24.1059
23.9348
23.6497
23.5356
24.1059
23.7067
23.7067
23.8207
23.5926
22.3950
22.8512
23.6497
25.2465
27.3566
26.7863
25.3035
25.8168
26.4441
26.5012
24.2200
23.5926
23.8207
24.9613
24.7903
23.9918
23.8778
23.5926
23.1934
23.4215
22.7942
22.3950
22.4520
22.9083
23.0794
23.5356
23.4215
23.9348
22.8512
22.7942
25.0184
25.5887
25.2465
25.4176
25.2465
23.3645
22.6231
23.8207
23.5926
23.8778
23.8778
22.5661
22.9083
22.9083
22.9653
22.6231
22.6801
22.7942
23.0223
23.2504
23.0223
22.7942
24.4481
26.4441
26.0449
27.5847
27.0715
27.2996
24.9043
24.1629
23.5356
22.5661
22.2809
22.2809
22.4520
22.7942
22.4520
22.5091
22.2239
22.3950
22.0528
22.2809
23.1934
25.3035
27.0144
27.3566
27.2996
28.4972
29.4097
28.0410
28.3261
27.1855
25.2465
24.5051
24.3340
23.2504
23.0223
23.0794
22.7942
22.1669
22.1669
22.2239
22.2239
22.1669
22.2239
22.3950
22.5091
23.0794
24.0489
24.4481
25.0754
25.7598
26.0449
26.9574
26.7293
25.7027
24.9613
24.4481
24.1059
22.5661
22.5661
22.2809
22.2239
22.0528
21.9958
22.0528
22.1098
22.3380
22.3380
22.2809
22.2809
22.5661
22.7372
24.3340
25.1895
25.3035
25.7598
24.7332
25.6457
24.0489
22.7942
22.4520
22.3380
23.4215
23.0223
22.9653
22.6231
22.1669
22.1098
21.9958
21.9958
22.1098
22.0528
22.3950
23.4215
24.5621
24.3340
25.5316
26.6152
26.5012
25.6457
26.2730
26.5582
26.3301
25.5316
24.6762
24.2200
22.3950
22.4520
21.9958
21.9388
21.7677
21.6536
21.8247
21.9958
22.0528
22.2809
22.4520
23.1364
22.7372
23.5926
25.0754
24.5621
21.4255
21.4255
21.5966
21.7106
21.7677
21.7677
21.8817
21.8247
24.4481
22.1669
21.8817
21.8817
21.8247
21.8817
22.0528
22.0528
22.0528
22.1098
22.2809
22.5661
23.8207
25.7027
26.7293
27.4136
28.0980
29.4667
27.0715
26.7293
27.3566
25.1895
24.4481
23.9348
22.1669
21.9958
21.9388
21.8247
23.5356
23.3645
23.4215
23.0223
22.7372
22.6801
22.7372
23.9918
25.8168
26.7293
28.2691
27.8128
29.2386
29.5808
29.0105
29.1245
28.3831
25.8738
24.9613
24.5051
24.0489
23.8207
23.6497
23.5356
23.9348
23.7637
23.5926
23.4215
22.9653
22.9653
23.1934
24.1629
26.3301
27.2996
27.7558
27.1855
27.8128
27.4707
28.9534
27.5277
25.9309
25.7027
24.7903
24.2770
24.4481
24.5621
24.1059
24.1629
23.5926
23.6497
23.2504
23.1364
23.1934
23.1934
23.0794
23.8207
24.2200
25.7027
26.6722
27.1855
27.6988
28.0410
28.0980
27.8128
27.1855
25.4746
24.5621
24.1629
24.2770
24.0489
24.0489
23.7637
23.9348
23.3645
23.1934
23.0223
22.7372
22.7372
23.0223
24.7903
25.9309
26.0449
26.1019
27.5847
28.4402
28.8394
28.3261
28.4402
28.1550
25.5316
24.7332
24.3910
23.9918
24.3340
24.4481
24.1059
23.5356
23.4786
23.8207
23.1934
22.7942
22.6801
22.9083
23.9918
25.5887
27.1285
27.7558
27.9839
27.5847
25.0184
25.5316
24.6192
24.4481
24.3340
23.7637
23.4215
24.7903
24.5621
24.1059
24.2200
22.1098
21.8247
21.6536
21.2544
21.0263
20.9692
20.9122
20.9692
21.5966
22.3950
22.3380
21.1403
21.1403
21.0833
21.1403
21.3114
21.3685
21.4255
20.9122
20.0568
23.0794
22.6801
22.5091
22.1669
20.9692
20.9692
20.9692
20.7411
20.5700
20.3419
19.9427
20.6841
21.4825
22.2809
24.1059
25.6457
25.7598
26.2730
25.7598
25.8168
25.3606
22.9083
21.9958
21.5966
20.5700
20.9692
21.3685
21.1403
21.7677
21.7106
21.6536
21.5395
21.1974
20.9122
20.6271
22.1098
23.5356
24.3340
25.7598
26.3301
26.5012
26.7293
26.6722
26.5012
25.9309
23.0794
22.2809
22.0528
21.3685
21.1403
22.4520
21.9958
21.1974
21.3114
20.6271
20.6271
20.5130
20.1708
20.1708
21.8247
23.2504
23.9918
25.8738
26.2730
26.1019
26.8433
26.3301
26.1019
25.8738
23.7637
23.2504
22.9083
21.9958
21.7677
21.5395
21.3114
22.2809
21.8817
21.8817
21.5966
21.7106
21.2544
21.1974
22.0528
22.7942
23.9348
24.7903
25.4176
25.8168
25.6457
25.7027
25.8168
24.3340
23.3645
22.9083
22.6231
22.7942
22.5091
22.3950
22.2239
22.1669
22.1098
21.8817
21.7106
21.9958
21.9388
21.9958
21.9958
22.2809
24.0489
24.3910
25.2465
25.8168
25.9879
25.5316
24.2770
23.4786
23.3645
23.5926
23.1364
22.5091
22.2809
22.2809
22.3380
21.9958
21.7106
21.8247
21.9388
21.8247
21.8247
21.7677
22.0528
22.7372
23.1364
24.1059
24.2200
23.7067
23.8778
24.3910
24.1059
23.9348
23.5926
23.4215
23.1364
23.0223
22.7942
22.4520
22.3380
21.9388
22.1098
22.1098
21.9958
22.2239
22.0528
21.5395
21.8817
23.1364
24.1059
23.3075
24.1059
25.1895
24.9043
25.1895
24.9043
25.1895
24.2200
23.3075
22.5661
22.8512
22.9653
22.5091
22.2809
22.5091
22.3950
22.2239
22.0528
22.2809
22.4520
22.5091
23.3075
24.1629
25.4176
27.1855
27.1285
28.6113
26.9574
27.8128
27.7558
26.2730
24.9043
24.3340
24.1059
22.4520
22.4520
22.4520
22.4520
23.6497
23.4215
23.3075
23.1364
23.1364
22.9083
22.8512
23.9348
24.8473
25.4746
26.1019
27.5847
27.0715
27.9839
29.3527
28.8964
28.0410
25.4176
24.2770
24.0489
23.8778
24.1629
23.9918
23.9348
23.4786
23.1364
22.9083
22.7372
22.5091
22.4520
22.6801
23.8778
24.9043
26.9574
27.2996
28.2121
26.8433
27.6988
27.8699
27.5277
26.2160
25.2465
24.9613
24.5051
24.1629
23.7637
23.5926
23.3645
22.5661
22.5661
22.3950
22.4520
22.4520
22.3950
22.0528
22.2239
22.6231
23.1364
22.9083
23.3645
23.8778
24.2770
25.2465
24.8473
24.5621
23.7067
23.1934
23.5356
22.3950
22.5091
22.6231
22.6801
23.0223
22.8512
22.7942
22.4520
22.5091
22.2239
22.2809
23.1934
24.3910
25.7598
26.6722
27.3566
25.5887
24.7903
23.7637
24.7332
24.6192
24.4481
23.9348
24.1629
23.2504
23.0223
23.1364
23.2504
23.8207
23.8207
23.5926
23.5356
23.4215
23.0223
23.2504
23.7637
24.2770
25.8168
26.7863
27.6988
25.9309
26.2730
26.9004
26.8433
25.7598
24.5051
24.0489
24.2200
24.1059
24.2200
23.7637
24.1629
23.5926
23.3645
22.7372
22.8512
22.4520
22.5091
22.2809
23.0223
24.1059
24.9043
25.7598
25.6457
25.8168
26.3871
25.6457
25.9879
25.0184
24.2770
24.2200
24.0489
24.4481
23.7067
23.4215
23.7067
23.1934
22.7942
22.6231
22.2239
21.8817
21.8247
21.6536
22.1669
22.8512
23.1364
23.7067
24.6762
26.2160
25.6457
26.1019
25.4746
24.9043
23.8778
23.1364
22.8512
23.6497
23.4786
23.5356
23.3645
20.9692
20.5700
20.7411
21.1403
20.9122
20.9122
20.5130
21.7677
22.2809
23.7067
25.2465
25.8168
26.3301
26.5582
26.2730
25.9879
24.8473
22.3380
21.5966
21.3114
22.4520
21.7677
21.3685
21.1974
20.2849
20.1708
20.5130
20.2279
19.6576
19.8286
20.3419
20.9692
22.2239
23.1364
24.9043
25.4176
25.0754
25.7598
25.9879
25.7598
25.4176
22.5091
21.7677
21.7106
21.2544
20.7411
20.6841
20.6271
20.7411
20.7411
20.7982
20.2279
19.9997
19.9997
19.9997
21.1974
23.0223
24.3340
25.3606
25.8738
26.2160
25.8168
26.1590
25.8738
25.0754
22.5091
21.8247
21.5395
21.0833
21.3114
20.7982
20.6271
20.3989
20.5130
20.0568
19.9427
19.9427
19.5435
19.5435
20.7411
22.5091
24.2200
25.4746
25.9879
26.1019
26.7293
26.5012
26.2730
25.1895
23.0794
22.4520
22.1098
21.5395
21.3685
21.2544
20.9122
21.3685
21.3114
20.6841
20.5130
20.7411
20.7982
20.7411
21.7106
23.0794
23.9918
25.1324
26.1590
26.1590
26.3871
26.7863
26.3301
25.6457
23.3645
22.7372
22.4520
21.9388
21.8817
21.7106
21.7106
21.3114
21.1974
20.9692
20.9692
20.9122
20.7982
20.7411
21.2544
23.1934
24.8473
25.7027
25.6457
26.5012
26.4441
26.3301
26.0449
25.6457
23.4786
22.8512
22.6801
22.2809
21.9958
21.9958
21.8817
21.8247
21.5395
21.5966
21.3114
21.0833
21.0263
20.9692
21.7106
22.7372
24.9043
25.4746
25.9309
26.3871
26.5012
26.6152
26.2730
25.4176
23.5356
22.9083
23.1364
22.3950
22.2239
22.2239
21.8817
22.7372
22.8512
22.8512
21.8247
21.6536
21.6536
21.7677
21.9388
23.0794
24.6762
25.1324
25.9879
25.8738
26.4441
26.1019
25.7598
25.2465
23.3075
22.6231
22.5091
22.8512
23.0223
23.0794
23.4215
22.2239
21.9958
21.8247
21.8817
21.6536
21.7106
21.7677
22.2809
23.5926
23.9348
25.0754
25.8738
26.8433
26.9004
27.2425
26.5582
25.3035
23.7637
23.0223
22.9083
22.5091
22.9083
22.9653
22.5661
21.7677
22.1098
21.8817
21.8247
21.5395
21.1974
21.3685
22.2239
23.8778
25.4746
26.2160
26.5012
27.0715
27.0144
26.6152
25.9309
25.7598
24.3340
23.5926
23.4786
22.9083
22.2809
22.2809
21.9958
23.0794
22.7942
22.5091
22.4520
22.1098
21.8817
21.8247
22.1669
23.2504
23.1934
24.1059
25.0754
25.7598
25.3606
25.3606
24.6762
23.8778
23.1364
22.7372
22.6801
23.8207
23.7637
23.4786
23.3075
21.8247
21.8247
21.7106
21.7106
20.9692
20.6271
20.6841
21.6536
22.7372
24.5621
25.5316
25.6457
25.8168
25.9879
26.1019
25.4176
24.4481
22.5661
21.9388
21.5395
21.8247
21.5395
21.2544
21.2544
20.7411
20.6271
20.5700
20.3989
20.1708
19.9427
19.9997
20.7411
22.7942
24.2200
25.1324
25.4746
26.0449
26.3301
25.8738
25.5316
24.7332
22.8512
22.2239
21.8247
21.5966
21.5395
21.1974
21.1403
21.3685
21.1974
20.2849
20.2849
20.3419
20.1138
19.8286
20.5700
22.3380
23.7637
25.0754
26.1019
26.1019
26.3871
26.3871
25.7027
25.0754
23.2504
22.4520
22.2239
21.5966
21.4825
21.5395
21.2544
21.5395
21.3685
20.9122
20.5700
20.5700
20.3989
20.2849
21.1403
23.1364
24.4481
25.9879
26.6722
27.8128
26.7863
26.9004
26.6722
26.2160
23.6497
22.7942
22.5661
22.0528
22.0528
22.1098
21.5966
21.9958
21.6536
21.3114
21.0833
20.9122
20.7982
20.7982
21.6536
23.7067
25.0184
25.9309
27.0144
27.9269
28.2121
27.0144
27.0144
25.7027
23.5926
22.9653
22.5661
22.6801
22.9653
22.5661
22.1669
21.8817
21.7677
21.4255
21.0833
20.9692
20.7411
20.6271
21.7677
23.3075
24.9043
26.2160
26.3301
27.7558
27.6988
27.0144
27.3566
26.1019
23.8207
22.9083
22.7942
22.7942
22.7942
22.2809
22.5091
22.0528
22.2809
22.1669
22.6231
22.9653
22.6231
22.5091
22.5661
22.7372
22.9653
23.0794
23.3645
24.2200
24.2200
23.5926
24.3910
23.3645
22.8512
22.4520
22.1669
22.7372
22.3380
22.3950
22.2809
20.7411
20.3419
20.2279
19.8286
19.8857
19.9997
19.6576
20.3989
22.1098
23.3075
24.0489
24.4481
24.6192
24.7903
24.8473
24.5051
23.6497
21.5966
21.0263
20.7982
21.9958
21.7677
21.4825
21.2544
19.9997
19.9997
20.3419
20.1708
20.5700
20.5130
20.6841
20.9122
21.2544
21.9958
23.3645
25.1324
25.5887
23.8778
23.7637
23.8778
23.5356
22.7942
22.5091
21.9388
20.5700
20.2849
20.1708
20.2849
21.1403
20.6841
20.4560
20.5130
20.6841
20.8552
20.6271
21.6536
22.9653
23.1364
25.3035
25.1895
25.1895
25.7027
25.5316
25.2465
24.6762
23.0223
22.3380
22.0528
21.8247
22.2239
21.8817
21.7106
21.3685
21.3114
20.8552
20.8552
20.5130
20.1708
20.2279
21.0263
23.0223
24.5621
25.5316
25.4176
26.5012
25.9309
24.7903
25.0754
24.3910
22.3950
21.7106
21.4255
22.1098
21.7677
21.4825
21.3685
20.1138
20.1708
19.9427
19.8286
19.8286
19.4865
19.3724
20.6271
22.6801
25.0184
25.7598
26.1590
26.9574
26.7293
26.5012
26.2160
25.3606
22.9083
22.2809
21.9958
21.1403
20.9122
20.7411
20.5130
21.4255
21.1403
20.9692
20.7982
20.5700
20.5130
20.5700
21.7677
22.2809
24.2200
25.4176
25.5887
25.5316
26.0449
25.9879
25.9309
24.7332
22.9653
22.3950
22.2809
21.8247
21.6536
21.8247
21.5395
21.6536
21.9388
21.7677
21.6536
21.3685
21.7106
21.4255
21.7106
21.9958
22.4520
22.4520
23.9918
25.0754
24.7903
24.9043
24.9043
24.0489
22.5091
21.8247
21.5966
22.6231
21.8817
21.6536
21.8247
20.8552
20.7411
20.6271
20.4560
20.3419
20.3419
20.4560
20.8552
22.4520
24.3910
24.8473
25.4176
25.8168
25.8168
25.9309
25.3035
24.5051
23.0223
22.4520
22.1669
21.4825
21.1974
21.1403
20.8552
21.4825
20.9692
20.7982
20.7982
20.8552
20.6271
20.7411
21.3685
23.5926
24.1059
24.9613
26.2160
25.8168
26.1590
26.1019
25.4746
24.3340
23.7067
22.9083
22.4520
21.9958
21.8247
21.7106
21.5395
20.7982
20.7982
20.6841
20.7411
20.6841
20.7411
20.6841
20.5700
20.4560
20.7411
20.9692
21.9388
21.9958
21.7677
21.9958
21.8817
21.7677
21.6536
21.6536
21.7106
22.1669
22.3380
21.9958
20.8552
21.3685
21.2544
20.9122
21.0263
21.1974
21.1974
21.0833
21.5395
21.9958
23.9348
24.3910
24.1629
24.1059
24.7903
24.1629
24.2770
23.3075
22.7372
22.5661
22.3950
21.5395
21.6536
21.5966
21.3685
22.1669
21.8247
22.0528
22.0528
21.9958
21.9958
22.0528
22.1098
22.2239
22.7372
22.2239
22.4520
22.2809
22.3950
22.3380
22.6801
22.5091
22.3950
21.3114
21.3114
22.2239
22.2809
21.9958
21.9958
21.1403
21.1403
21.0263
21.0263
20.9122
20.8552
20.8552
20.7411
20.1708
20.2849
20.5130
20.5700
20.8552
20.3989
19.9427
19.6576
19.4865
19.2013
18.9162
18.8021
21.3685
21.3685
21.3114
21.1403
18.1177
18.0037
18.0607
18.2318
18.2318
18.4029
18.5170
19.1443
20.0568
19.9427
20.8552
22.1669
22.5661
22.4520
23.5356
22.5661
21.9958
19.8286
19.1443
18.6880
18.6310
18.6310
18.4599
18.3459
18.8021
18.1177
18.2888
18.0037
18.1177
17.7185
17.4904
18.3459
19.3724
20.2849
22.0528
22.2809
21.9958
22.4520
22.5661
21.9388
20.7411
18.4599
18.0607
18.1177
18.4599
18.2318
18.3459
18.2888
17.5474
17.3764
17.2623
17.0912
16.9771
16.8061
16.4639
17.7185
19.2013
21.0833
20.8552
21.8817
23.0794
23.5356
23.0223
22.7372
21.7677
19.9427
19.3154
19.2583
18.0607
18.0037
17.6045
17.4904
18.8591
19.0873
19.0302
18.9162
19.0873
18.9732
19.0873
19.4294
21.3685
22.9653
23.1364
23.4215
24.2770
24.4481
23.3075
23.2504
22.5661
21.9388
21.4825
21.2544
19.2583
19.0873
18.9162
18.9162
21.4255
21.1403
20.3989
19.7146
19.4865
19.5435
19.5435
19.7146
20.2279
22.0528
22.8512
23.4215
23.7637
22.9653
22.5091
21.9388
21.5395
20.3419
19.9427
19.9427
21.0263
21.0263
21.1403
20.9122
19.9427
19.9997
19.9427
18.9732
18.3459
18.2318
18.1748
17.6045
18.8021
19.9997
21.1403
22.5091
22.2809
23.0223
22.4520
21.8817
21.0833
20.2279
20.2279
20.0568
19.8286
20.2279
20.1138
19.9427
19.3724
19.3724
19.2583
19.6005
19.2583
19.4865
19.4865
19.8286
21.5966
22.8512
23.2504
24.1629
23.4215
23.3075
23.3645
23.4215
21.5966
20.7982
20.5700
20.1138
20.0568
19.7716
19.7146
19.6576
18.9162
19.2013
19.1443
19.4294
19.3154
19.0873
19.1443
19.6576
20.3989
20.7982
21.7106
21.6536
21.7677
21.8247
21.7106
21.8247
21.3685
21.0833
20.9122
20.6841
19.5435
19.3154
18.9162
18.6880
20.4560
20.3419
20.2849
20.2279
20.1138
19.9997
20.1138
20.3989
20.6271
21.1403
21.0833
22.3950
21.8817
21.8247
21.5395
21.0833
20.5700
20.5130
20.2849
20.3419
20.4560
20.4560
20.3989
20.2849
20.7411
21.0833
21.3685
21.4825
21.4255
21.4255
21.3114
21.7106
23.2504
23.7067
24.1059
24.7332
26.4441
26.7293
25.8168
24.7903
24.1629
23.5926
23.4786
23.5356
20.2279
20.2279
20.3419
20.4560
22.3950
22.3950
22.1669
21.9388
21.9388
21.8817
21.9958
22.3950
23.8207
24.9613
26.1019
26.7863
25.3035
26.1019
26.5012
26.6152
24.9043
24.1629
22.7372
21.4255
23.3075
22.9653
22.7372
22.5661
18.8591
18.6880
18.0037
17.8896
17.9467
17.7756
17.6045
17.4334
17.8326
18.2888
18.5740
19.0873
19.5435
19.9427
20.2849
20.2849
19.5435
19.1443
18.8591
18.5740
20.7411
20.1708
19.7146
19.4865
17.6045
17.7185
17.7756
17.7756
17.6615
17.6615
17.7185
17.8326
17.9467
18.9162
19.7716
21.0833
20.7411
20.8552
20.0568
20.1138
19.6576
19.0873
18.9162
19.0302
18.4599
18.0037
18.0037
17.5474
18.9162
19.1443
18.6880
18.6310
18.3459
18.5740
18.4599
19.2583
20.7411
21.1403
21.9958
21.8817
23.4786
22.8512
23.4786
22.8512
22.1098
20.7411
20.2279
20.1138
19.0302
18.9162
18.9732
18.9162
20.0568
19.8857
19.8857
19.5435
19.6576
19.8286
19.8857
20.2849
21.1974
21.6536
22.9653
22.8512
24.1629
23.8778
23.8207
23.0794
22.2809
21.7106
21.0833
20.9692
20.1138
19.8857
19.8286
19.7146
20.5130
20.2849
20.3419
20.2849
20.1708
20.1138
20.2849
20.6271
21.2544
21.6536
22.3380
23.0794
23.4215
23.0794
23.1364
23.8778
22.5661
21.7677
21.5966
21.5395
20.6841
20.7982
21.2544
20.7411
20.6841
20.8552
20.6841
21.0833
21.0263
20.8552
21.0833
21.2544
21.4255
21.4825
21.7106
21.6536
21.8247
22.0528
21.9958
21.6536
20.9692
20.6271
20.6841
20.2849
21.5395
21.2544
21.4255
21.0263
17.3193
17.2623
16.9201
16.8061
16.8061
16.8631
16.9771
17.2053
16.5209
16.5779
17.5474
18.7451
18.2318
19.0873
19.2013
19.1443
18.6310
18.6310
18.1748
18.0037
18.7451
18.3459
18.3459
17.7185
17.1482
17.4334
16.4639
16.1787
16.0076
15.8936
15.7225
16.8631
17.7756
19.2013
20.3419
21.1974
20.6841
20.8552
20.5700
20.3419
19.8857
18.9732
18.6310
18.8021
17.7756
17.4904
17.3764
17.2053
18.9732
19.0302
18.8021
18.8591
18.8021
18.7451
18.9162
19.0302
19.9427
21.3114
21.5395
22.9083
22.9083
22.7372
23.3075
22.9083
21.8817
21.1403
20.8552
20.6841
18.8021
19.0302
19.0302
19.0302
20.5130
20.6841
20.5130
20.3989
20.1138
20.2279
20.2279
20.2279
19.8857
20.0568
19.9427
19.9997
19.8286
19.8286
19.7716
19.7716
19.6576
19.4865
19.4865
19.6576
20.3989
20.5700
20.5130
20.5700
19.5435
19.5435
19.6005
19.4865
19.5435
19.6576
19.6005
19.5435
19.7146
19.8857
20.1138
19.9997
20.0568
20.2849
20.2849
20.2849
20.2279
20.2849
20.2849
20.3419
19.6576
19.7716
19.6005
19.6005
20.5130
20.5130
20.5700
20.5700
20.5700
20.7411
20.6271
21.0263
21.4825
22.6801
24.2200
25.7598
24.1629
25.1324
25.0754
24.5051
23.8778
23.4786
23.3645
23.3075
20.3989
20.4560
20.5130
20.4560
22.4520
22.5661
22.2809
21.0263
19.4294
19.2583
18.5740
18.6310
18.6880
19.2583
18.9732
19.4294
21.2544
21.4825
20.5130
19.6005
19.6005
18.6880
18.6880
18.5740
22.9653
22.7942
22.7372
22.5661
17.3193
16.5779
16.2358
16.2928
16.2358
16.2358
16.2358
16.1787
16.1787
16.4639
16.4639
16.7490
17.0342
17.2053
17.1482
17.0342
16.9201
16.9201
17.0342
17.0912
18.3459
18.0607
17.7756
17.4334
16.9771
17.0912
17.0912
17.0912
17.1482
17.2623
17.3193
17.4334
17.6045
17.7756
18.2318
18.4029
18.4599
18.5740
18.5740
18.5740
18.5170
18.5170
18.5740
18.6880
17.0912
17.0342
16.9201
16.9771
18.9162
18.9162
18.9162
18.9732
19.0873
18.1748
17.2623
16.4068
16.1787
15.8936
15.7795
15.9506
15.7795
15.5514
15.2092
15.2662
15.0952
15.1522
15.2662
15.3233
18.7451
18.7451
18.9162
18.8591
14.9241
14.6389
14.5249
14.5819
14.5249
14.5819
14.5819
14.7530
14.9811
15.1522
14.9811
14.9811
14.8670
14.9241
14.9811
15.2092
14.9811
14.9241
14.9811
15.0952
15.1522
15.0952
14.9811
14.9241
15.0381
15.0952
15.2092
15.2662
15.4373
15.4944
15.6084
15.7795
15.9506
16.1217
16.2928
16.5209
16.7490
16.9201
16.9201
17.1482
16.9201
16.9201
16.9201
16.9201
15.0381
15.0952
15.1522
15.0381
17.0912
17.0342
16.8631
16.9201
16.9771
16.9771
17.2053
17.0912
17.3764
17.7185
17.7756
18.3459
18.4599
18.6310
18.5170
18.2888
18.2318
17.8326
17.8896
17.7185
17.0342
17.0342
17.0912
17.0912
17.4904
17.4904
17.5474
17.6045
17.6045
17.7185
17.6615
17.7185
17.7756
17.7756
17.7756
17.7185
17.6615
17.7185
17.6045
17.5474
17.5474
17.4904
17.4334
17.4334
17.8326
17.6045
17.6045
17.4904
17.0342
17.0912
17.0342
16.9771
16.9771
17.0342
17.0342
17.0912
17.1482
17.1482
17.2053
17.2053
17.2623
17.3193
17.2623
17.3193
17.3193
17.3193
17.3193
17.2623
17.3193
17.1482
17.2053
17.0912
16.7490
16.6350
16.4639
15.8365
15.7225
15.7225
15.7795
15.6655
15.8365
16.4639
16.5779
17.3764
18.9732
18.7451
18.6310
18.3459
17.9467
17.2623
16.7490
16.8631
17.2623
17.2623
17.2053
17.0342
15.9506
15.8936
15.8365
15.7795
15.6084
15.5514
15.3803
15.5514
15.6655
15.6655
15.8365
16.2358
16.6920
16.7490
17.3193
17.2623
16.9201
16.7490
16.6350
16.5779
16.7490
16.6350
16.6350
16.2928
16.1217
16.0647
16.0076
15.6084
15.7795
15.7795
15.7225
15.8365
16.0647
16.1217
16.6920
16.5779
16.5779
16.6350
16.5779
16.4068
15.9506
15.6655
15.3233
15.3803
16.4068
16.2928
16.2358
16.1787
15.6084
15.4944
15.6084
15.6655
15.7795
15.8936
15.8936
15.9506
16.0076
16.1217
16.1217
16.1787
16.4068
16.8061
16.9771
17.0342
16.8061
16.5779
16.6920
16.3498
15.4944
15.2662
15.4373
15.3803
16.3498
15.0952
15.3803
14.7530
14.5819
14.6389
14.2397
14.8670
16.9201
17.9467
18.2318
19.2583
18.8591
19.6005
19.5435
18.8591
17.9467
17.4334
17.4334
17.4334
16.2358
17.2053
17.0342
16.9201
17.2053
17.3193
17.4904
17.3764
17.0912
17.0912
17.0342
17.1482
18.8021
20.4560
20.8552
20.9692
21.6536
21.7106
21.2544
21.3114
19.8286
18.4029
18.1177
18.0607
17.5474
17.2623
17.2623
17.0912
18.0037
18.5740
17.7185
17.6045
17.4904
17.3193
17.4904
16.9201
17.6045
18.4599
20.9122
21.4825
21.4825
21.8247
21.9388
21.5395
19.7716
18.5170
18.0607
18.2888
17.9467
17.6615
17.6045
17.9467
17.4904
17.6615
16.9771
16.6350
16.4068
16.4639
17.3193
17.3193
17.7756
18.6310
20.6271
20.6271
20.0568
21.0263
21.2544
21.0833
19.7716
18.0607
17.7185
17.8896
18.0607
17.6615
17.4334
17.0912
17.1482
16.7490
16.7490
17.0912
17.0912
17.3193
17.3764
17.4904
18.0607
18.3459
18.8591
19.3154
20.3989
20.0568
19.9427
19.7716
19.4294
18.8021
18.9162
18.9162
17.8326
17.4904
17.4334
17.3764
18.0607
17.8896
17.5474
17.2623
16.4068
16.0647
16.0076
15.8936
15.7225
16.0076
16.4068
16.2928
17.8326
17.0912
17.2053
16.8061
16.5779
16.2928
16.2358
16.0647
18.7451
18.5740
18.4029
18.2318
15.6084
15.5514
15.4373
15.4944
15.4373
15.3233
15.4373
15.4944
16.1217
16.9771
17.6615
17.7756
17.7756
18.4029
17.4334
17.7756
17.2623
16.8631
16.6350
16.4639
15.8936
15.8365
15.8365
15.7225
16.5209
16.4639
16.5209
16.5209
16.5209
16.6350
16.6920
16.9201
17.3764
18.6880
19.2013
20.1708
20.3989
20.1138
20.4560
19.8286
19.4294
19.0302
19.0302
18.6310
16.4639
16.5779
16.6350
16.5209
18.8591
19.0302
19.0302
19.0302
18.9162
18.7451
18.9162
18.9162
19.4294
20.1708
20.6841
20.6271
22.5661
22.2809
23.3645
22.4520
21.4825
20.7982
20.8552
20.8552
18.8591
18.7451
18.8591
18.7451
20.5700
19.8286
20.3419
20.3419
19.8286
19.6005
19.2583
19.4294
20.3989
21.0833
21.1974
23.7637
23.7637
23.8207
23.6497
23.4215
22.2239
21.8247
22.1669
22.1098
20.4560
20.5700
20.3989
20.6271
20.2279
20.2279
19.9427
19.6576
19.4294
19.6576
19.8286
19.8286
20.7982
23.0794
23.4215
24.2200
24.3340
24.5621
24.5051
23.8207
22.9653
21.7677
21.3114
20.9122
21.7106
21.2544
21.3685
20.6271
20.7411
20.4560
20.3419
20.0568
19.8857
19.6576
19.5435
19.6005
19.9427
20.0568
20.4560
20.2279
21.0833
21.0263
21.0833
20.5700
20.2279
20.1138
19.9427
19.8286
21.0263
21.0263
20.9692
20.7411
18.9162
18.6880
18.2318
17.3764
16.8061
16.4068
15.7795
15.2662
15.4373
15.4944
15.4373
15.5514
15.7225
15.5514
15.6655
16.1787
15.8936
15.4373
14.9241
14.6389
19.6576
19.3724
18.8021
18.8591
14.2967
14.1827
13.8975
13.6694
13.4983
13.3272
13.3272
13.3843
13.8975
15.8365
15.3233
14.8670
15.0952
14.9811
15.2092
14.7530
14.6959
14.6389
14.6959
14.7530
14.5819
14.4108
14.1827
14.3538
14.9811
14.9811
15.0381
15.0381
15.1522
15.2662
15.3803
15.3803
15.6084
15.8365
16.0647
16.2358
16.4068
16.6920
16.5779
16.3498
16.4068
16.2928
16.4068
16.5209
14.8100
14.7530
14.8100
14.9241
17.2053
17.2623
17.0912
17.0912
17.1482
17.1482
17.4904
17.3764
17.3764
18.0607
18.0607
18.1748
18.7451
18.4029
18.1177
17.3764
17.0342
16.8061
16.6350
16.3498
16.6350
16.7490
16.9771
17.0342
16.1217
16.0076
15.7795
15.5514
15.2092
15.0381
14.9811
14.8670
14.8100
14.9811
14.9811
14.9811
14.9811
14.9811
15.0952
15.2662
14.8670
14.5819
14.5249
14.0686
16.1787
16.0647
16.0647
16.0647
13.6124
13.4413
13.2132
13.0991
13.0991
13.1561
13.0421
13.0421
13.2702
13.7835
14.5249
15.0952
15.0381
15.9506
16.2928
15.7225
15.3233
14.5819
13.7835
13.6124
13.9546
13.8975
13.8405
13.7835
12.2437
12.0155
11.7304
11.5593
11.5593
11.2741
11.0460
11.3882
12.4147
13.2702
14.6389
15.8936
15.7225
16.4068
16.3498
16.0076
15.6655
14.0116
13.5553
13.5553
13.3843
13.1561
12.8710
12.6429
13.3272
13.1561
12.9850
12.8140
13.1561
12.9280
13.6694
13.3843
14.4108
16.5779
18.2318
18.2888
18.5740
19.6005
19.3724
19.2013
18.3459
17.5474
17.3764
17.3193
13.5553
13.2132
13.3843
13.1561
17.6615
17.5474
17.4334
17.3193
17.3764
17.2623
17.0912
17.0912
17.5474
17.7185
18.4599
19.6005
19.2013
19.2013
19.0302
18.4029
18.2318
17.8896
17.4904
16.7490
17.4334
17.6045
17.6615
17.5474
15.7795
15.7225
15.5514
15.5514
15.4373
15.4373
15.4373
15.5514
15.6655
15.8365
15.8365
15.6655
15.7225
15.6655
16.0076
15.7795
15.7225
15.6084
15.6084
15.6655
16.8061
16.0076
15.8365
15.8365
15.7795
15.8365
15.8365
15.8936
15.8936
15.9506
15.9506
16.0647
16.9201
17.4904
18.0037
18.2318
18.5740
18.9732
18.8021
18.5170
18.4029
18.1748
17.8896
18.0037
15.6084
15.6084
15.7225
15.7225
17.7756
17.7756
17.6045
17.6615
17.4334
17.4904
17.5474
17.6615
18.3459
18.8021
19.2583
19.6576
19.1443
18.6310
17.8896
17.0912
15.9506
14.6959
13.3843
13.0991
17.8326
18.0607
17.8896
17.8326
12.3577
12.3577
12.3577
12.2437
12.0155
11.9585
11.7874
11.8444
12.0155
12.3577
13.7835
13.8405
14.8100
14.3538
14.6389
14.7530
14.6389
14.0686
13.2702
12.9850
12.5288
12.2437
12.2437
12.3577
11.9585
11.9585
11.4452
11.0460
10.8179
10.8179
10.6468
11.0460
12.2437
13.9546
14.2967
15.3803
15.2092
15.2662
15.8365
15.8365
15.4373
13.4983
12.9280
12.7569
12.6429
12.4147
12.2437
12.1866